0 0.23125 0.7234375 0.16171875 0.55234375
0 0.32421875 0.5828125 0.16015625 0.5484375
0 0.33984375 0.3640625 0.0953125 0.30546875
0 0.3734375 0.3546875 0.10390625 0.3921875
0 0.43671875 0.275 0.07421875 0.35390625
0 0.36953125 0.1609375 0.05859375 0.09375
0 0.5609375 0.375 0.08359375 0.4046875
0 0.63125 0.16328125 0.05234375 0.08125
0 0.653125 0.25546875 0.078125 0.1421875
0 0.6984375 0.6625 0.16328125 0.578125
0 0.59453125 0.1125 0.05234375 0.121875
0 0.4671875 0.1765625 0.05703125 0.21015625
0 0.4 0.08359375 0.03515625 0.05703125