0 0.23125 0.7234375 0.16171875 0.55234375
0 0.32265625 0.6140625 0.184375 0.4703125
0 0.33984375 0.3640625 0.0953125 0.30546875
0 0.3734375 0.3546875 0.10390625 0.3921875
0 0.43671875 0.26640625 0.07421875 0.33671875
0 0.36953125 0.1609375 0.05859375 0.09375
0 0.5609375 0.375 0.08359375 0.4046875
0 0.63125 0.16328125 0.05234375 0.08125
0 0.65 0.2515625 0.0765625 0.13359375
0 0.69921875 0.65390625 0.16171875 0.590625
0 0.59453125 0.1125 0.05234375 0.121875
0 0.46484375 0.1765625 0.05234375 0.21015625
0 0.4 0.08359375 0.03515625 0.05703125