0 0.62421875 0.83359375 0.11640625 0.25703125
0 0.6421875 0.63203125 0.071875 0.1609375
0 0.7765625 0.66796875 0.0640625 0.178125
0 0.6359375 0.453125 0.06171875 0.14609375
0 0.74296875 0.4671875 0.05390625 0.153125
0 0.75078125 0.3921875 0.040625 0.05859375
0 0.65078125 0.2 0.03203125 0.0625
0 0.728125 0.31953125 0.0375 0.07890625
0 0.65625 0.37578125 0.05 0.05859375
0 0.5578125 0.20546875 0.028125 0.046875
0 0.4921875 0.20390625 0.034375 0.04296875
0 0.49140625 0.23828125 0.02578125 0.04453125
0 0.47578125 0.35625 0.06953125 0.175
0 0.4171875 0.36015625 0.0453125 0.121875
0 0.3453125 0.36796875 0.04921875 0.1109375
0 0.25625 0.33046875 0.04609375 0.13046875
0 0.303125 0.47109375 0.06640625 0.13203125
0 0.14375 0.40859375 0.0546875 0.134375
0 0.1984375 0.6390625 0.078125 0.18046875
0 0.07421875 0.6390625 0.06953125 0.16953125
0 0.0171875 0.5859375 0.034375 0.159375