0 0.28125 0.71171875 0.15625 0.57421875
0 0.31875 0.5609375 0.11796875 0.46640625
0 0.34765625 0.4203125 0.09375 0.37734375
0 0.3703125 0.359375 0.07421875 0.396875
0 0.3890625 0.1890625 0.084375 0.16328125
0 0.5484375 0.353125 0.0453125 0.1703125
0 0.55859375 0.4046875 0.115625 0.4015625
0 0.6453125 0.26796875 0.053125 0.08671875
0 0.703125 0.36171875 0.1203125 0.2046875
0 0.75234375 0.5015625 0.1203125 0.25234375
0 0.69453125 0.75625 0.17578125 0.4859375
0 0.8578125 0.728125 0.178125 0.42578125