0 0.0296875 0.58984375 0.05859375 0.275
0 0.209375 0.6359375 0.0984375 0.253125
0 0.15 0.4515625 0.0671875 0.13359375
0 0.446875 0.2625 0.059375 0.1859375
0 0.2515625 0.5125 0.059375 0.1390625
0 0.2703125 0.33671875 0.0515625 0.134375
0 0.3171875 0.296875 0.04375 0.121875
0 0.50859375 0.29375 0.02890625 0.06953125
0 0.5 0.240625 0.02578125 0.06953125
0 0.49453125 0.3515625 0.03515625 0.078125
0 0.7125 0.3140625 0.02890625 0.08046875
0 0.7515625 0.33828125 0.0375 0.06796875
0 0.74453125 0.390625 0.04375 0.07890625
0 0.79375 0.61953125 0.065625 0.18046875
0 0.7671875 0.46875 0.05546875 0.125