0 0.77890625 0.646875 0.084375 0.2234375
0 0.22265625 0.728125 0.078125 0.225
0 0.0921875 0.6046875 0.071875 0.1890625
0 0.0203125 0.56484375 0.040625 0.1828125
0 0.14375 0.415625 0.05390625 0.14296875
0 0.546875 0.2328125 0.0703125 0.16640625
0 0.2734375 0.33984375 0.0484375 0.13046875
0 0.3375 0.44765625 0.0609375 0.1359375
0 0.38984375 0.2546875 0.03515625 0.1109375
0 0.4453125 0.23359375 0.0390625 0.08046875
0 0.446875 0.303125 0.0375 0.096875
0 0.753125 0.496875 0.0578125 0.125
0 0.721875 0.33984375 0.04453125 0.071875