0 0.1953125 0.64609375 0.06953125 0.20546875
0 0.14296875 0.3875 0.0546875 0.1640625
0 0.23125 0.4265625 0.07109375 0.159375
0 0.34375 0.54921875 0.07109375 0.1890625
0 0.3203125 0.31640625 0.0421875 0.12109375
0 0.3671875 0.278125 0.0265625 0.0625
0 0.41875 0.23828125 0.03046875 0.06953125
0 0.5 0.1890625 0.02421875 0.04296875
0 0.60234375 0.5 0.1546875 0.35390625
0 0.60078125 0.265625 0.06015625 0.115625
0 0.784375 0.48203125 0.0578125 0.07890625
0 0.79765625 0.56953125 0.1015625 0.1
0 0.7625 0.384375 0.04921875 0.115625
0 0.72109375 0.325 0.03671875 0.08046875
0 0.63125 0.19296875 0.04140625 0.0625
0 0.5328125 0.2078125 0.01875 0.0515625