0 0.3296875 0.584375 0.2078125 0.5
0 0.32578125 0.31484375 0.0359375 0.09609375
0 0.40703125 0.375 0.05390625 0.1265625
0 0.378125 0.27421875 0.03515625 0.0890625
0 0.41875 0.23671875 0.0328125 0.071875
0 0.42109375 0.30234375 0.03203125 0.07890625
0 0.5359375 0.20859375 0.021875 0.0640625
0 0.50078125 0.3046875 0.03203125 0.06640625
0 0.66640625 0.234375 0.03046875 0.078125
0 0.65625 0.296875 0.04140625 0.0625
0 0.7015625 0.30859375 0.0296875 0.075
0 0.734375 0.34375 0.0265625 0.084375
0 0.759375 0.39921875 0.0546875 0.1
0 0.784375 0.49609375 0.03828125 0.0765625
0 0.8015625 0.60234375 0.0921875 0.203125