0 0.1921875 0.59453125 0.1046875 0.2515625
0 0.71484375 0.6484375 0.09375 0.20546875
0 0.76171875 0.734375 0.07734375 0.16640625
0 0.42421875 0.42890625 0.05390625 0.159375
0 0.35 0.34140625 0.0546875 0.14609375
0 0.315625 0.29921875 0.04140625 0.1
0 0.4828125 0.36640625 0.046875 0.12890625
0 0.4515625 0.27890625 0.034375 0.0890625
0 0.740625 0.50859375 0.0546875 0.096875
0 0.25 0.34921875 0.04921875 0.121875
0 0.4203125 0.240625 0.0328125 0.065625
0 0.55 0.25703125 0.03359375 0.09453125
0 0.47421875 0.2265625 0.03125 0.075
0 0.6203125 0.14609375 0.02890625 0.06796875
0 0.7546875 0.409375 0.04921875 0.090625
0 0.6421875 0.359375 0.04453125 0.109375
0 0.75625 0.33046875 0.0421875 0.08203125
0 0.6515625 0.2375 0.028125 0.06640625