0 0.1125 0.55859375 0.1125 0.30859375
0 0.246875 0.3890625 0.09765625 0.21796875
0 0.1421875 0.390625 0.0609375 0.10390625
0 0.35625 0.49609375 0.08125 0.14453125
0 0.41484375 0.365625 0.05 0.11640625
0 0.33359375 0.3015625 0.04375 0.1
0 0.39921875 0.2765625 0.03515625 0.0984375
0 0.46953125 0.340625 0.03828125 0.09453125
0 0.50234375 0.265625 0.04140625 0.10546875
0 0.44375 0.234375 0.0296875 0.053125
0 0.65859375 0.209375 0.03125 0.0609375
0 0.6484375 0.29375 0.040625 0.06640625
0 0.6984375 0.29296875 0.03671875 0.071875
0 0.64375 0.390625 0.0578125 0.1
0 0.76328125 0.471875 0.059375 0.140625
0 0.62109375 0.48125 0.07109375 0.103125
0 0.6328125 0.63203125 0.0734375 0.165625
0 0.8015625 0.64609375 0.07890625 0.2
0 0.74375 0.32109375 0.0421875 0.06953125
0 0.7609375 0.40859375 0.0390625 0.04296875