0 0.06015625 0.7953125 0.04609375 0.2640625
0 0.409375 0.70078125 0.12734375 0.30859375
0 0.165625 0.53515625 0.0921875 0.18359375
0 0.21875 0.25859375 0.0484375 0.103125
0 0.37890625 0.215625 0.06875 0.121875
0 0.175 0.2296875 0.040625 0.06640625
0 0.11796875 0.19921875 0.0265625 0.0875
0 0.2625 0.08515625 0.034375 0.075
0 0.3234375 0.090625 0.0578125 0.09453125
0 0.40390625 0.1015625 0.05234375 0.09296875
0 0.4546875 0.1203125 0.03359375 0.065625
0 0.784375 0.4171875 0.0765625 0.15546875
0 0.97109375 0.6328125 0.0578125 0.165625
0 0.59375 0.14609375 0.07109375 0.178125
0 0.4765625 0.18359375 0.04453125 0.05859375
0 0.459375 0.25390625 0.04296875 0.08046875