0 0.13125 0.2 0.025 0.0625
0 0.16875 0.23828125 0.03203125 0.05546875
0 0.225 0.24375 0.04765625 0.053125
0 0.2296875 0.3265625 0.0734375 0.11640625
0 0.33984375 0.04140625 0.0515625 0.0828125
0 0.40703125 0.153125 0.040625 0.09140625
0 0.4484375 0.26015625 0.0484375 0.078125
0 0.171875 0.48671875 0.0703125 0.146875
0 0.421875 0.6671875 0.1171875 0.253125
0 0.6609375 0.4640625 0.078125 0.1859375
0 0.775 0.40390625 0.06796875 0.15
0 0.9765625 0.71796875 0.04296875 0.15546875
0 0.603125 0.3390625 0.0546875 0.12890625
0 0.56171875 0.26953125 0.04140625 0.1015625
0 0.2296875 0.1859375 0.046875 0.06796875