0 0.1046875 0.5796875 0.06875 0.20859375
0 0.190625 0.6546875 0.090625 0.20546875
0 0.1578125 0.434375 0.0546875 0.14609375
0 0.3328125 0.484375 0.0640625 0.165625
0 0.25234375 0.365625 0.03671875 0.10859375
0 0.32265625 0.3796875 0.04140625 0.09609375
0 0.33984375 0.309375 0.04296875 0.096875
0 0.4140625 0.38984375 0.04375 0.121875
0 0.3875 0.25234375 0.03046875 0.0875
0 0.4953125 0.203125 0.028125 0.0765625
0 0.7546875 0.375 0.04765625 0.11796875
0 0.64609375 0.46015625 0.053125 0.1390625
0 0.7828125 0.496875 0.06171875 0.1375
0 0.70859375 0.60703125 0.08046875 0.21953125