0 0.403125 0.590625 0.125 0.278125
0 0.225 0.35 0.075 0.12890625
0 0.23046875 0.246875 0.04375 0.1015625
0 0.18671875 0.2359375 0.04375 0.078125
0 0.246875 0.18515625 0.03984375 0.06796875
0 0.38125 0.134375 0.04921875 0.096875
0 0.1296875 0.196875 0.046875 0.096875
0 0.475 0.27421875 0.06640625 0.1265625
0 0.6328125 0.33515625 0.071875 0.125
0 0.765625 0.40859375 0.07734375 0.1734375
0 0.9546875 0.615625 0.08046875 0.17109375
0 0.9171875 0.73828125 0.090625 0.17890625
0 0.559375 0.28125 0.04609375 0.1125