0 0.21875 0.7203125 0.1109375 0.2140625
0 0.0890625 0.63125 0.09453125 0.18046875
0 0.028125 0.603125 0.05546875 0.153125
0 0.1765625 0.46953125 0.06171875 0.134375
0 0.3265625 0.465625 0.07578125 0.1609375
0 0.334375 0.34609375 0.05234375 0.115625
0 0.246875 0.378125 0.04375 0.1140625
0 0.41875 0.2734375 0.04375 0.121875
0 0.4515625 0.2421875 0.028125 0.103125
0 0.7625 0.4953125 0.06171875 0.14140625
0 0.68046875 0.39609375 0.05390625 0.1109375
0 0.7578125 0.40859375 0.05390625 0.05703125
0 0.621875 0.15546875 0.0375 0.09140625
0 0.7375 0.353125 0.04375 0.05703125
0 0.64609375 0.2234375 0.03515625 0.06640625
0 0.7375 0.3109375 0.0484375 0.0625