0 0.6125 0.5515625 0.0921875 0.215625
0 0.7640625 0.65625 0.07734375 0.21953125
0 0.2546875 0.44296875 0.06953125 0.1765625
0 0.253125 0.3015625 0.05 0.121875
0 0.32734375 0.303125 0.04140625 0.1140625
0 0.3765625 0.2484375 0.0328125 0.10546875
0 0.4609375 0.32578125 0.040625 0.09453125
0 0.4734375 0.24140625 0.0296875 0.0734375
0 0.5015625 0.278125 0.02578125 0.0625
0 0.62109375 0.14609375 0.0265625 0.0734375
0 0.528125 0.1890625 0.0171875 0.04609375
0 0.73125 0.46328125 0.05390625 0.1359375
0 0.753125 0.40234375 0.046875 0.1
0 0.72890625 0.321875 0.03671875 0.0890625