0 0.678125 0.68359375 0.11875 0.30703125
0 0.790625 0.625 0.07109375 0.2125
0 0.59375 0.5640625 0.0875 0.21953125
0 0.2125 0.6015625 0.0875 0.2
0 0.0953125 0.58125 0.0703125 0.19140625
0 0.15625 0.43125 0.0578125 0.16953125
0 0.2140625 0.44921875 0.0703125 0.178125
0 0.340625 0.45859375 0.06875 0.175
0 0.2515625 0.33671875 0.04453125 0.1
0 0.35859375 0.31328125 0.03359375 0.065625
0 0.3609375 0.37421875 0.04765625 0.09609375
0 0.384375 0.2765625 0.0328125 0.1
0 0.5203125 0.178125 0.0546875 0.12109375
0 0.6734375 0.4390625 0.0625 0.146875
0 0.7640625 0.490625 0.0390625 0.11953125
0 0.76015625 0.3953125 0.04609375 0.09609375
0 0.73984375 0.334375 0.0390625 0.07890625
0 0.64765625 0.36015625 0.03671875 0.08046875
0 0.65 0.296875 0.03828125 0.075