0 0.26015625 0.21015625 0.08671875 0.09296875
0 0.3765625 0.10859375 0.07890625 0.06953125
0 0.35 0.1984375 0.06328125 0.09921875
0 0.5296875 0.175 0.05546875 0.07109375
0 0.596875 0.3953125 0.09609375 0.14296875
0 0.23828125 0.28984375 0.09765625 0.09296875
0 0.1875 0.40546875 0.11328125 0.09765625
0 0.30390625 0.4078125 0.07265625 0.11875
0 0.40703125 0.41640625 0.06875 0.11484375
0 0.4421875 0.1625 0.05390625 0.06484375
0 0.4234375 0.27890625 0.06328125 0.140625
0 0.28671875 0.53984375 0.11328125 0.11875
0 0.471875 0.5484375 0.1 0.09765625
0 0.3390625 0.675 0.09765625 0.12109375
0 0.465625 0.671875 0.0828125 0.140625
0 0.5796875 0.70703125 0.06875 0.12734375
0 0.68828125 0.7 0.08671875 0.13828125
0 0.7984375 0.69453125 0.10546875 0.12734375
0 0.06640625 0.8625 0.1015625 0.1125
0 0.1875 0.86015625 0.11328125 0.1234375
0 0.31875 0.86015625 0.1015625 0.1453125
0 0.43671875 0.86328125 0.1109375 0.134375
0 0.56328125 0.8625 0.08828125 0.1453125
0 0.684375 0.865625 0.109375 0.14921875
0 0.809375 0.8625 0.09765625 0.14921875
0 0.94140625 0.32578125 0.1015625 0.14921875
0 0.8140625 0.2734375 0.13984375 0.16640625
0 0.93359375 0.1875 0.07109375 0.0734375
0 0.68828125 0.5359375 0.109375 0.1125
0 0.9296875 0.88671875 0.12109375 0.1578125