0 0.1484375 0.72265625 0.203125 0.5546875
0 0.70859375 0.7078125 0.2109375 0.584375
0 0.8359375 0.54140625 0.1234375 0.4046875
0 0.9578125 0.39296875 0.08359375 0.184375
0 0.2828125 0.4046875 0.1234375 0.315625
0 0.1140625 0.20859375 0.10703125 0.19609375
0 0.60234375 0.47890625 0.096875 0.4046875
0 0.5015625 0.3390625 0.090625 0.30390625
0 0.259375 0.10703125 0.03984375 0.08359375
0 0.3140625 0.11875 0.03046875 0.0890625
0 0.36640625 0.11875 0.03046875 0.07109375
0 0.425 0.11015625 0.03046875 0.07734375
0 0.58515625 0.0921875 0.03046875 0.07109375
0 0.61875 0.0953125 0.03984375 0.0953125
0 0.4515625 0.2890625 0.0703125 0.17265625
0 0.34140625 0.30390625 0.05 0.11875