0 0.4703125 0.11328125 0.06015625 0.09609375
0 0.60390625 0.121875 0.05546875 0.10078125
0 0.66953125 0.10546875 0.05234375 0.1140625
0 0.74140625 0.1 0.06171875 0.11015625
0 0.19921875 0.134375 0.07734375 0.08046875
0 0.1671875 0.24140625 0.07421875 0.1140625
0 0.39765625 0.18828125 0.0625 0.0765625
0 0.53203125 0.1796875 0.06875 0.12578125
0 0.74296875 0.20390625 0.0640625 0.08046875
0 0.82578125 0.19921875 0.07421875 0.1140625
0 0.23828125 0.29296875 0.05703125 0.134375
0 0.3796875 0.29375 0.05859375 0.13671875
0 0.51640625 0.3265625 0.0625 0.12578125
0 0.596875 0.32734375 0.06015625 0.128125
0 0.74765625 0.3125 0.06171875 0.10546875
0 0.8296875 0.309375 0.0734375 0.1140625
0 0.753125 0.4375 0.071875 0.159375
0 0.85 0.40390625 0.08046875 0.1234375
0 0.85234375 0.55390625 0.07734375 0.14609375
0 0.76328125 0.58046875 0.065625 0.12109375
0 0.68046875 0.575 0.07890625 0.14765625
0 0.58359375 0.58046875 0.0953125 0.14765625
0 0.42421875 0.5640625 0.071875 0.1296875
0 0.340625 0.55859375 0.0703125 0.13203125
0 0.14140625 0.38203125 0.08203125 0.14375
0 0.21640625 0.41953125 0.05234375 0.12109375
0 0.28828125 0.43125 0.065625 0.11015625
0 0.103125 0.5171875 0.1140625 0.17734375
0 0.24765625 0.55859375 0.07890625 0.1140625
0 0.05625 0.69375 0.10546875 0.16796875
0 0.153125 0.69765625 0.065625 0.17265625
0 0.23046875 0.709375 0.08203125 0.1703125
0 0.32109375 0.71953125 0.07578125 0.14140625
0 0.41015625 0.72109375 0.07421875 0.11640625
0 0.49375 0.715625 0.0703125 0.08984375
0 0.5921875 0.721875 0.071875 0.08984375
0 0.1140625 0.84765625 0.08515625 0.11640625
0 0.21328125 0.8609375 0.07890625 0.128125
0 0.38125 0.87890625 0.07890625 0.11875
0 0.48125 0.87421875 0.07734375 0.14140625
0 0.58359375 0.88125 0.0890625 0.11640625
0 0.86796875 0.8921875 0.1328125 0.14375
0 0.51171875 0.43359375 0.07421875 0.0921875