0 0.090625 0.7953125 0.10234375 0.28203125
0 0.41796875 0.67734375 0.11015625 0.23359375
0 0.3015625 0.4609375 0.08671875 0.20703125
0 0.303125 0.0734375 0.05390625 0.09296875
0 0.221875 0.21171875 0.03984375 0.0859375
0 0.4171875 0.19609375 0.0421875 0.0890625
0 0.459375 0.2734375 0.0484375 0.1109375
0 0.5609375 0.371875 0.0484375 0.140625
0 0.65390625 0.36015625 0.05703125 0.1
0 0.72265625 0.57734375 0.08203125 0.14453125
0 0.7921875 0.453125 0.0640625 0.15703125
0 0.93046875 0.68359375 0.07890625 0.20703125