0 0.66640625 0.79453125 0.34296875 0.4109375
0 0.3140625 0.35 0.096875 0.16640625
0 0.41796875 0.278125 0.08203125 0.11640625
0 0.40546875 0.378125 0.1546875 0.1390625
0 0.48515625 0.3 0.1015625 0.10546875
0 0.6328125 0.3390625 0.13984375 0.25
0 0.75625 0.43046875 0.28046875 0.50546875
0 0.82578125 0.45859375 0.0625 0.10546875
0 0.9203125 0.6109375 0.159375 0.678125
0 0.21953125 0.35546875 0.1109375 0.04453125
0 0.1953125 0.41640625 0.13046875 0.11640625
0 0.2484375 0.4390625 0.10625 0.09453125
0 0.3578125 0.51640625 0.17421875 0.221875
0 0.1640625 0.4859375 0.1640625 0.09453125
0 0.16640625 0.64140625 0.25625 0.3
0 0.45859375 0.625 0.24609375 0.33359375
0 0.06484375 0.82421875 0.1296875 0.2046875