0 0.8953125 0.60859375 0.17578125 0.34765625
0 0.81328125 0.4375 0.11328125 0.21171875
0 0.79140625 0.33125 0.084375 0.10859375
0 0.7015625 0.26640625 0.0765625 0.1578125
0 0.21640625 0.45078125 0.09921875 0.21171875
0 0.11015625 0.334375 0.084375 0.15234375
0 0.221875 0.2828125 0.06953125 0.11953125
0 0.3171875 0.25234375 0.05859375 0.1140625
0 0.6265625 0.10859375 0.0515625 0.103125
0 0.44296875 0.29921875 0.0515625 0.1140625
0 0.41953125 0.20390625 0.03671875 0.0703125
0 0.48515625 0.24453125 0.040625 0.0921875