0 0.45 0.54140625 0.190625 0.29140625
0 0.13359375 0.45078125 0.0953125 0.16171875
0 0.60078125 0.46875 0.11484375 0.20859375
0 0.7140625 0.51328125 0.11796875 0.20859375
0 0.921875 0.52578125 0.11796875 0.203125
0 0.4671875 0.3125 0.0953125 0.15078125
0 0.33046875 0.39296875 0.14140625 0.1875
0 0.2234375 0.29453125 0.05703125 0.11953125
0 0.3546875 0.2734375 0.0421875 0.08828125
0 0.4578125 0.22109375 0.0421875 0.06796875
0 0.42734375 0.25 0.034375 0.06796875
0 0.509375 0.2421875 0.04609375 0.08359375