0 0.68125 0.68515625 0.146875 0.259375
0 0.9515625 0.62734375 0.096875 0.259375
0 0.134375 0.79296875 0.171875 0.24296875
0 0.10546875 0.64375 0.11796875 0.2046875
0 0.20234375 0.30078125 0.1 0.215625
0 0.31328125 0.1796875 0.09296875 0.215625
0 0.38359375 0.21796875 0.075 0.165625
0 0.85625 0.475 0.08984375 0.1765625
0 0.44453125 0.2265625 0.03203125 0.071875
0 0.49296875 0.21796875 0.03203125 0.071875
0 0.56953125 0.2265625 0.0359375 0.07734375
0 0.56484375 0.3484375 0.05390625 0.08828125
0 0.659375 0.32890625 0.046875 0.09921875
0 0.7171875 0.4171875 0.06484375 0.11015625