0 0.6234375 0.82734375 0.153125 0.31796875
0 0.64765625 0.61171875 0.06328125 0.153125
0 0.7765625 0.646875 0.0515625 0.14140625
0 0.6453125 0.390625 0.0390625 0.09296875
0 0.753125 0.421875 0.03671875 0.078125
0 0.73203125 0.30859375 0.03828125 0.0640625
0 0.1765625 0.63984375 0.0671875 0.1859375
0 0.071875 0.640625 0.07265625 0.15546875
0 0.0203125 0.56328125 0.03984375 0.11640625
0 0.1453125 0.40859375 0.053125 0.134375
0 0.2328125 0.3890625 0.0578125 0.12890625
0 0.3609375 0.2796875 0.1046875 0.20546875
0 0.421875 0.35078125 0.04375 0.13046875
0 0.47109375 0.25625 0.03515625 0.075
0 0.559375 0.21171875 0.0234375 0.053125