0 0.24921875 0.765625 0.4984375 0.46796875
0 0.37890625 0.703125 0.34296875 0.33515625
0 0.42421875 0.5609375 0.21796875 0.33515625
0 0.43671875 0.4015625 0.15 0.36875
0 0.56953125 0.396875 0.15078125 0.384375
0 0.590625 0.2546875 0.04609375 0.1171875
0 0.70234375 0.26328125 0.07890625 0.1125
0 0.6234375 0.284375 0.05390625 0.1578125
0 0.68203125 0.34140625 0.078125 0.18125
0 0.82578125 0.4828125 0.1671875 0.45625
0 0.75546875 0.39453125 0.11171875 0.43203125
0 0.83046875 0.8109375 0.33828125 0.378125