0 0.20703125 0.7953125 0.4140625 0.409375
0 0.29375 0.7515625 0.3359375 0.33125
0 0.340625 0.6046875 0.21796875 0.3328125
0 0.36015625 0.45078125 0.1484375 0.3640625
0 0.49375 0.45078125 0.14296875 0.36015625
0 0.5234375 0.35859375 0.06875 0.240625
0 0.55546875 0.3328125 0.03984375 0.11640625
0 0.60546875 0.37109375 0.05 0.11484375
0 0.61015625 0.3203125 0.06640625 0.09609375
0 0.5984375 0.48671875 0.053125 0.08203125
0 0.659375 0.47109375 0.1140625 0.4296875
0 0.75078125 0.52109375 0.1765625 0.4375
0 0.7671875 0.8125 0.365625 0.375