0 0.20078125 0.78125 0.40078125 0.4375
0 0.22109375 0.696875 0.371875 0.35078125
0 0.28515625 0.5515625 0.25390625 0.34140625
0 0.2875 0.3875 0.140625 0.35546875
0 0.42890625 0.39375 0.13046875 0.378125
0 0.48671875 0.33984375 0.06796875 0.33359375
0 0.53671875 0.25546875 0.0625 0.18359375
0 0.56171875 0.34921875 0.09140625 0.190625
0 0.60546875 0.20546875 0.0546875 0.11875
0 0.64453125 0.4171875 0.14453125 0.39921875
0 0.69296875 0.440625 0.18203125 0.48984375
0 0.73984375 0.7953125 0.421875 0.409375