0 0.21953125 0.7375 0.4390625 0.52421875
0 0.2828125 0.67890625 0.3328125 0.365625
0 0.34140625 0.5421875 0.2375 0.33828125
0 0.3875 0.38515625 0.18359375 0.3625
0 0.484375 0.390625 0.11015625 0.37421875
0 0.5359375 0.34453125 0.04921875 0.325
0 0.584375 0.27109375 0.05859375 0.1828125
0 0.60390625 0.38359375 0.07265625 0.140625
0 0.6671875 0.2171875 0.059375 0.12109375
0 0.69765625 0.34453125 0.159375 0.21640625
0 0.746875 0.45234375 0.21640625 0.475
0 0.77109375 0.80234375 0.42890625 0.3953125