0 0.20625 0.803125 0.4125 0.39375
0 0.2734375 0.7734375 0.3625 0.3703125
0 0.3203125 0.62578125 0.240625 0.33125
0 0.3671875 0.51015625 0.1984375 0.41015625
0 0.4546875 0.465625 0.10625 0.3671875
0 0.5046875 0.41640625 0.08125 0.30859375
0 0.5546875 0.35703125 0.08203125 0.24140625
0 0.57578125 0.42421875 0.05234375 0.1671875
0 0.60234375 0.46953125 0.09609375 0.15234375
0 0.6203125 0.31015625 0.059375 0.16171875
0 0.67265625 0.48046875 0.13984375 0.3640625
0 0.7734375 0.503125 0.178125 0.46328125
0 0.75859375 0.82890625 0.3828125 0.34140625