0 0.20703125 0.8046875 0.4140625 0.390625
0 0.275 0.76796875 0.36484375 0.3640625
0 0.31875 0.625 0.240625 0.328125
0 0.37578125 0.51328125 0.1984375 0.403125
0 0.46015625 0.4671875 0.10390625 0.37109375
0 0.50546875 0.4171875 0.0828125 0.31328125
0 0.55234375 0.36015625 0.0765625 0.2390625
0 0.5765625 0.42265625 0.0546875 0.16953125
0 0.60390625 0.4703125 0.0875 0.14453125
0 0.61796875 0.3 0.07109375 0.13515625
0 0.671875 0.47890625 0.1328125 0.37109375
0 0.7703125 0.4953125 0.171875 0.46484375
0 0.75546875 0.825 0.3671875 0.35