0 0.2390625 0.75703125 0.478125 0.4859375
0 0.340625 0.71015625 0.3265625 0.37421875
0 0.38828125 0.571875 0.2203125 0.3359375
0 0.44765625 0.42578125 0.14296875 0.371875
0 0.54140625 0.428125 0.09609375 0.3859375
0 0.5921875 0.384375 0.0578125 0.321875
0 0.646875 0.31640625 0.08984375 0.20625
0 0.66484375 0.3984375 0.07734375 0.18671875
0 0.6796875 0.44765625 0.1125 0.14296875
0 0.73828125 0.25546875 0.053125 0.121875
0 0.7734375 0.484375 0.1484375 0.42890625
0 0.85234375 0.50390625 0.20625 0.5125
0 0.80078125 0.825 0.3984375 0.346875