0 0.6234375 0.353125 0.0734375 0.0890625
0 0.76015625 0.5046875 0.1 0.19453125
0 0.95390625 0.8421875 0.0921875 0.315625
0 0.7578125 0.36875 0.04140625 0.05
0 0.725 0.31328125 0.05234375 0.05859375
0 0.7078125 0.26171875 0.04296875 0.04453125
0 0.675 0.2328125 0.03046875 0.03359375
0 0.6078125 0.190625 0.040625 0.03359375
0 0.5953125 0.21484375 0.03671875 0.015625
0 0.5953125 0.246875 0.03984375 0.02109375
0 0.596875 0.2875 0.05 0.0390625
0 0.4953125 0.1765625 0.04765625 0.03359375
0 0.5015625 0.29453125 0.03203125 0.16953125