0 0.20546875 0.8140625 0.41015625 0.371875
0 0.20546875 0.771875 0.3984375 0.346875
0 0.2640625 0.61171875 0.2640625 0.33515625
0 0.2640625 0.46953125 0.20546875 0.3546875
0 0.39453125 0.43125 0.12109375 0.34296875
0 0.4453125 0.4125 0.08515625 0.33515625
0 0.49140625 0.30625 0.078125 0.16484375
0 0.53203125 0.40234375 0.075 0.190625
0 0.5515625 0.4515625 0.0421875 0.1390625
0 0.61015625 0.4453125 0.10703125 0.44296875
0 0.67421875 0.50078125 0.15546875 0.4609375
0 0.721875 0.8046875 0.38125 0.38984375