0 0.2171875 0.76640625 0.434375 0.46640625
0 0.25546875 0.721875 0.375 0.34765625
0 0.309375 0.57890625 0.2609375 0.34609375
0 0.30390625 0.43203125 0.18203125 0.36640625
0 0.45703125 0.4171875 0.12109375 0.378125
0 0.50625 0.3703125 0.071875 0.32578125
0 0.5453125 0.28984375 0.06640625 0.1765625
0 0.5734375 0.38046875 0.0875 0.18125
0 0.6265625 0.240625 0.0609375 0.1265625
0 0.59375 0.44296875 0.04375 0.1015625
0 0.67265625 0.440625 0.12421875 0.3984375
0 0.784375 0.47265625 0.21015625 0.48515625
0 0.7734375 0.8078125 0.43125 0.384375