0 0.2390625 0.78125 0.478125 0.4375
0 0.33046875 0.7453125 0.328125 0.37890625
0 0.38203125 0.60390625 0.2171875 0.346875
0 0.434375 0.4765625 0.16015625 0.43359375
0 0.52734375 0.45234375 0.08828125 0.38359375
0 0.58046875 0.40703125 0.06328125 0.3203125
0 0.6234375 0.35234375 0.08671875 0.24609375
0 0.665625 0.40546875 0.11875 0.196875
0 0.67265625 0.4609375 0.10234375 0.15234375
0 0.721875 0.27265625 0.05 0.11875
0 0.7875 0.4859375 0.159375 0.409375
0 0.859375 0.52109375 0.24375 0.5125
0 0.803125 0.83203125 0.39375 0.3359375