0 0.58359375 0.6375 0.1578125 0.50859375
0 0.790625 0.5734375 0.13046875 0.30390625
0 0.94609375 0.85625 0.1078125 0.2875
0 0.75703125 0.359375 0.046875 0.046875
0 0.725 0.30078125 0.05234375 0.046875
0 0.703125 0.24765625 0.046875 0.0390625
0 0.67109375 0.225 0.03125 0.0234375
0 0.6171875 0.19609375 0.02734375 0.02890625
0 0.5890625 0.2140625 0.025 0.0140625
0 0.6109375 0.23984375 0.03828125 0.01953125
0 0.61640625 0.2875 0.04375 0.02890625
0 0.6390625 0.33359375 0.05078125 0.0390625
0 0.42734375 0.33046875 0.06015625 0.13203125
0 0.46015625 0.24140625 0.04296875 0.0390625
0 0.490625 0.18046875 0.03828125 0.05390625
0 0.5171875 0.30703125 0.03984375 0.12109375