0 0.1234375 0.6875 0.0921875 0.196875
0 0.0359375 0.625 0.0671875 0.15546875
0 0.1765625 0.459375 0.05546875 0.1359375
0 0.36875 0.52265625 0.06015625 0.16796875
0 0.61953125 0.5734375 0.0625 0.1640625
0 0.79921875 0.653125 0.06796875 0.228125
0 0.26640625 0.359375 0.05 0.10703125
0 0.3546875 0.40859375 0.06171875 0.09453125
0 0.75859375 0.49453125 0.05546875 0.13359375
0 0.321875 0.31171875 0.0390625 0.1015625
0 0.390625 0.2734375 0.04375 0.09140625
0 0.4671875 0.34609375 0.0421875 0.103125
0 0.628125 0.459375 0.06015625 0.10703125
0 0.75625 0.4015625 0.04921875 0.09140625
0 0.509375 0.3 0.03984375 0.1
0 0.6765625 0.3484375 0.03984375 0.0859375
0 0.496875 0.215625 0.0328125 0.08046875
0 0.63359375 0.4078125 0.0453125 0.06953125
0 0.5609375 0.22421875 0.01953125 0.04296875
0 0.59140625 0.221875 0.021875 0.05390625