0 0.21015625 0.76015625 0.4203125 0.4796875
0 0.26171875 0.71875 0.33203125 0.35625
0 0.31328125 0.56875 0.24453125 0.3453125
0 0.31015625 0.4296875 0.17890625 0.378125
0 0.45390625 0.421875 0.1015625 0.384375
0 0.5125 0.3765625 0.06640625 0.32578125
0 0.55703125 0.30390625 0.06171875 0.1859375
0 0.57890625 0.3875 0.08984375 0.1796875
0 0.6375 0.25546875 0.05703125 0.115625
0 0.596875 0.45390625 0.04765625 0.1109375
0 0.6875 0.4609375 0.13359375 0.4
0 0.79765625 0.4859375 0.25078125 0.48671875
0 0.75625 0.8109375 0.41796875 0.378125