0 0.20859375 0.8 0.4171875 0.39921875
0 0.2375 0.75078125 0.3765625 0.35078125
0 0.28359375 0.609375 0.2515625 0.33515625
0 0.33828125 0.48828125 0.20703125 0.409375
0 0.41796875 0.44765625 0.12109375 0.378125
0 0.46015625 0.40625 0.059375 0.3375
0 0.5125 0.3203125 0.065625 0.1890625
0 0.540625 0.40234375 0.0578125 0.16875
0 0.571875 0.4203125 0.0953125 0.21015625
0 0.58125 0.2796875 0.06796875 0.14296875
0 0.64296875 0.43984375 0.1625 0.39453125
0 0.73203125 0.509375 0.16171875 0.453125
0 0.73359375 0.8171875 0.3828125 0.365625