0 0.23125 0.7640625 0.4625 0.471875
0 0.3203125 0.7265625 0.32578125 0.371875
0 0.3625 0.58515625 0.221875 0.34140625
0 0.43671875 0.42890625 0.1265625 0.3796875
0 0.51015625 0.43828125 0.10234375 0.3765625
0 0.56015625 0.39375 0.06640625 0.31328125
0 0.559375 0.25625 0.0328125 0.0921875
0 0.6140625 0.33984375 0.09453125 0.24140625
0 0.6265625 0.40546875 0.07734375 0.178125
0 0.65234375 0.45234375 0.09609375 0.1453125
0 0.7 0.26796875 0.0546875 0.1234375
0 0.74609375 0.4859375 0.16875 0.42265625
0 0.8421875 0.50546875 0.2484375 0.51328125
0 0.79296875 0.81953125 0.4140625 0.3609375