0 0.1953125 0.8 0.38984375 0.4
0 0.246875 0.7484375 0.3703125 0.35546875
0 0.2890625 0.60859375 0.253125 0.33984375
0 0.34765625 0.48671875 0.20390625 0.41484375
0 0.4234375 0.44609375 0.1140625 0.378125
0 0.4671875 0.40546875 0.05859375 0.33828125
0 0.5234375 0.33828125 0.075 0.23125
0 0.54921875 0.4046875 0.0609375 0.171875
0 0.58203125 0.41875 0.0953125 0.20859375
0 0.58828125 0.2703125 0.07109375 0.125
0 0.6453125 0.45546875 0.13515625 0.3671875
0 0.746875 0.490625 0.17734375 0.48515625
0 0.7265625 0.81875 0.3671875 0.3625