0 0.21875 0.7609375 0.4375 0.47734375
0 0.26171875 0.7140625 0.3625 0.346875
0 0.32265625 0.56796875 0.24453125 0.34609375
0 0.32578125 0.41015625 0.16171875 0.3640625
0 0.46328125 0.41015625 0.1265625 0.3703125
0 0.51796875 0.35234375 0.0671875 0.321875
0 0.56875 0.275 0.06875 0.1765625
0 0.58828125 0.36953125 0.0953125 0.1796875
0 0.6359375 0.225 0.053125 0.12421875
0 0.68203125 0.43359375 0.14296875 0.390625
0 0.72421875 0.46015625 0.18203125 0.496875
0 0.77578125 0.80390625 0.4328125 0.39140625