0 0.20859375 0.75703125 0.4171875 0.4859375
0 0.265625 0.6625 0.34140625 0.35390625
0 0.37578125 0.54921875 0.2484375 0.32734375
0 0.2734375 0.3421875 0.17421875 0.3078125
0 0.44609375 0.37578125 0.109375 0.39609375
0 0.4953125 0.32734375 0.0859375 0.33203125
0 0.54296875 0.25078125 0.09609375 0.196875
0 0.5671875 0.340625 0.1 0.19140625
0 0.62421875 0.2 0.07109375 0.128125
0 0.58359375 0.40703125 0.04453125 0.115625
0 0.671875 0.3984375 0.14609375 0.40546875
0 0.7703125 0.434375 0.17265625 0.49609375
0 0.73671875 0.7921875 0.40390625 0.41484375