0 0.23515625 0.765625 0.4703125 0.46796875
0 0.32109375 0.72109375 0.3328125 0.3703125
0 0.37109375 0.578125 0.221875 0.33515625
0 0.434375 0.42890625 0.15390625 0.37421875
0 0.5125 0.43515625 0.09453125 0.38515625
0 0.55859375 0.38984375 0.0859375 0.32109375
0 0.6125 0.33046875 0.07578125 0.22578125
0 0.6375 0.39609375 0.08515625 0.17421875
0 0.66015625 0.44765625 0.1 0.15234375
0 0.71171875 0.2796875 0.04765625 0.159375
0 0.771875 0.484375 0.1359375 0.428125
0 0.84296875 0.50390625 0.22734375 0.5046875
0 0.79609375 0.82421875 0.4078125 0.3515625