0 0.22578125 0.79765625 0.4515625 0.40390625
0 0.30546875 0.76015625 0.34140625 0.37421875
0 0.34921875 0.62421875 0.22890625 0.33125
0 0.390625 0.50703125 0.21328125 0.4171875
0 0.49375 0.47421875 0.0953125 0.3734375
0 0.54765625 0.42734375 0.06171875 0.3046875
0 0.59453125 0.36484375 0.08046875 0.21796875
0 0.6078125 0.43359375 0.05625 0.16796875
0 0.6359375 0.4875 0.0875 0.1296875
0 0.66875 0.3203125 0.0546875 0.16484375
0 0.72265625 0.48515625 0.178125 0.37109375
0 0.8390625 0.5328125 0.2359375 0.4953125
0 0.77109375 0.83984375 0.378125 0.3203125