0 0.21328125 0.74453125 0.4265625 0.5109375
0 0.2796875 0.684375 0.328125 0.35859375
0 0.34765625 0.571875 0.18828125 0.3375
0 0.3703125 0.3375 0.2 0.28046875
0 0.475 0.40078125 0.1 0.3984375
0 0.54765625 0.3671875 0.06796875 0.31796875
0 0.49921875 0.2296875 0.04765625 0.10703125
0 0.5953125 0.2578125 0.046875 0.1390625
0 0.590625 0.3734375 0.07890625 0.18125
0 0.596875 0.44296875 0.05859375 0.11640625
0 0.6515625 0.234375 0.06875 0.1203125
0 0.66875 0.43828125 0.090625 0.421875
0 0.74375 0.46796875 0.14921875 0.48046875
0 0.7671875 0.8 0.43359375 0.4