0 0.2203125 0.7625 0.440625 0.475
0 0.27578125 0.71328125 0.35234375 0.3515625
0 0.32109375 0.5640625 0.2421875 0.3515625
0 0.3140625 0.428125 0.18828125 0.38125
0 0.4609375 0.4125 0.10390625 0.39609375
0 0.515625 0.3671875 0.071875 0.3265625
0 0.55 0.2890625 0.0578125 0.1859375
0 0.6265625 0.234375 0.06875 0.11484375
0 0.58125 0.37890625 0.09453125 0.1796875
0 0.6046875 0.4421875 0.04375 0.11875
0 0.68671875 0.446875 0.13828125 0.4078125
0 0.80390625 0.4671875 0.3140625 0.50390625
0 0.7703125 0.8125 0.421875 0.375