0 0.18359375 0.78671875 0.16171875 0.41640625
0 0.19140625 0.5015625 0.125 0.159375
0 0.37890625 0.421875 0.07421875 0.2015625
0 0.7203125 0.6890625 0.13359375 0.2640625
0 0.64609375 0.6375 0.059375 0.2015625
0 0.45859375 0.32265625 0.05703125 0.14609375
0 0.63671875 0.14375 0.034375 0.0765625
0 0.671875 0.1703125 0.034375 0.065625
0 0.33671875 0.2984375 0.03671875 0.0796875
0 0.63671875 0.33515625 0.03125 0.06953125
0 0.73984375 0.33671875 0.05390625 0.08671875
0 0.45703125 0.2203125 0.03125 0.065625
0 0.49609375 0.221875 0.028125 0.08671875
0 0.425 0.24140625 0.034375 0.0796875
0 0.390625 0.25546875 0.02578125 0.07265625