0 0.221875 0.76796875 0.44296875 0.46328125
0 0.2890625 0.715625 0.33046875 0.34296875
0 0.3390625 0.56796875 0.2421875 0.35
0 0.3234375 0.42734375 0.18359375 0.371875
0 0.4765625 0.4125 0.09765625 0.38984375
0 0.52890625 0.3765625 0.0640625 0.3109375
0 0.58046875 0.3015625 0.08125 0.19609375
0 0.5890625 0.38046875 0.08359375 0.18359375
0 0.6171875 0.4484375 0.04921875 0.1046875
0 0.65703125 0.23984375 0.06640625 0.13515625
0 0.70078125 0.44140625 0.14296875 0.4
0 0.80625 0.46796875 0.2875 0.49453125
0 0.78046875 0.8046875 0.4296875 0.3859375