0 0.20625 0.746875 0.4125 0.50625
0 0.38125 0.5453125 0.25859375 0.34140625
0 0.253125 0.66484375 0.34921875 0.35625
0 0.2609375 0.34296875 0.1765625 0.31640625
0 0.4359375 0.36953125 0.109375 0.39296875
0 0.48984375 0.32734375 0.078125 0.33515625
0 0.53125 0.25859375 0.08671875 0.2109375
0 0.55703125 0.34296875 0.0921875 0.1828125
0 0.60625 0.18828125 0.06328125 0.1046875
0 0.575 0.403125 0.03828125 0.12109375
0 0.65078125 0.34765625 0.11640625 0.3046875
0 0.7265625 0.43828125 0.17265625 0.4765625
0 0.72421875 0.79140625 0.3921875 0.4171875