0 0.19375 0.81875 0.3875 0.3625
0 0.246875 0.74609375 0.3703125 0.36015625
0 0.2875 0.60859375 0.253125 0.33984375
0 0.34609375 0.48359375 0.2015625 0.41484375
0 0.425 0.44296875 0.11484375 0.371875
0 0.46875 0.403125 0.0546875 0.33359375
0 0.546875 0.40546875 0.05625 0.16953125
0 0.57578125 0.4484375 0.09453125 0.1484375
0 0.521875 0.31640625 0.0625 0.190625
0 0.59453125 0.2921875 0.07265625 0.16875
0 0.65390625 0.46640625 0.115625 0.39609375
0 0.74609375 0.4796875 0.17109375 0.45859375
0 0.7375 0.81796875 0.38828125 0.3640625