0 0.22265625 0.771875 0.4453125 0.453125
0 0.28671875 0.72109375 0.340625 0.34296875
0 0.33515625 0.57578125 0.2359375 0.35234375
0 0.3234375 0.42890625 0.1796875 0.365625
0 0.47421875 0.42265625 0.1046875 0.3828125
0 0.53046875 0.37890625 0.06171875 0.315625
0 0.5796875 0.30390625 0.090625 0.1859375
0 0.59453125 0.3859375 0.09140625 0.178125
0 0.6109375 0.45546875 0.04375 0.09921875
0 0.65 0.2453125 0.04453125 0.11484375
0 0.70234375 0.446875 0.14140625 0.39921875
0 0.803125 0.47890625 0.29609375 0.4875
0 0.77890625 0.8109375 0.4234375 0.378125