0 0.23984375 0.603125 0.08828125 0.20390625
0 0.39140625 0.615625 0.0765625 0.21484375
0 0.328125 0.50390625 0.0484375 0.11640625
0 0.39453125 0.46015625 0.03046875 0.08359375
0 0.4484375 0.453125 0.03203125 0.08125
0 0.50234375 0.425 0.04375 0.08515625
0 0.4625 0.37421875 0.02578125 0.04765625
0 0.53828125 0.38203125 0.025 0.04609375
0 0.64296875 0.384375 0.03203125 0.05859375
0 0.6265625 0.38828125 0.02734375 0.05
0 0.68828125 0.46328125 0.04140625 0.08359375
0 0.6640625 0.43984375 0.0421875 0.07265625