0 0.2 0.7828125 0.4 0.434375
0 0.265625 0.7515625 0.34921875 0.38125
0 0.31640625 0.60546875 0.2359375 0.34921875
0 0.3859375 0.44375 0.13984375 0.38984375
0 0.45859375 0.45078125 0.10390625 0.3796875
0 0.50859375 0.40546875 0.08125 0.309375
0 0.50703125 0.26015625 0.03515625 0.07578125
0 0.5609375 0.31171875 0.08671875 0.15234375
0 0.575 0.4125 0.08046875 0.1859375
0 0.6015625 0.4703125 0.0859375 0.134375
0 0.63984375 0.27265625 0.0515625 0.11875
0 0.6859375 0.4921875 0.16875 0.4078125
0 0.7796875 0.5109375 0.2375 0.4984375
0 0.7546875 0.821875 0.403125 0.35625