0 0.21015625 0.74609375 0.4203125 0.5046875
0 0.2703125 0.6984375 0.3359375 0.3625
0 0.32578125 0.54765625 0.24140625 0.3421875
0 0.315625 0.4125 0.17421875 0.38046875
0 0.46640625 0.40390625 0.109375 0.38984375
0 0.5234375 0.35703125 0.05703125 0.33046875
0 0.56015625 0.28515625 0.06171875 0.19140625
0 0.5953125 0.37109375 0.09609375 0.18203125
0 0.66015625 0.23828125 0.05234375 0.13125
0 0.60703125 0.44609375 0.0484375 0.1015625
0 0.6984375 0.4421875 0.14453125 0.41484375
0 0.815625 0.4765625 0.29296875 0.4921875
0 0.76328125 0.80703125 0.4296875 0.38515625