0 0.20703125 0.78515625 0.4140625 0.42890625
0 0.25546875 0.734375 0.35859375 0.39140625
0 0.3109375 0.609375 0.23046875 0.34140625
0 0.33828125 0.44609375 0.1921875 0.371875
0 0.4453125 0.44140625 0.1140625 0.39609375
0 0.50078125 0.3984375 0.07890625 0.32265625
0 0.553125 0.34765625 0.0828125 0.2453125
0 0.57578125 0.40546875 0.09140625 0.1859375
0 0.5953125 0.4609375 0.090625 0.13515625
0 0.6234375 0.28515625 0.07109375 0.1359375
0 0.70625 0.4890625 0.15703125 0.4171875
0 0.7703125 0.50703125 0.23125 0.4859375
0 0.74609375 0.821875 0.3984375 0.35625