0 0.21328125 0.771875 0.4265625 0.45625
0 0.2515625 0.70546875 0.359375 0.33671875
0 0.3 0.55390625 0.2484375 0.34765625
0 0.2828125 0.41015625 0.20390625 0.371875
0 0.4359375 0.3953125 0.109375 0.39296875
0 0.490625 0.35625 0.075 0.321875
0 0.5375 0.27265625 0.07265625 0.19296875
0 0.553125 0.3625 0.090625 0.18125
0 0.57890625 0.43203125 0.04453125 0.1
0 0.6140625 0.21796875 0.05 0.13828125
0 0.66171875 0.421875 0.14140625 0.40546875
0 0.76015625 0.44296875 0.2828125 0.4953125
0 0.75390625 0.79453125 0.41484375 0.41015625