0 0.2609375 0.58515625 0.08125 0.17734375
0 0.38359375 0.61875 0.07890625 0.17890625
0 0.33359375 0.48984375 0.053125 0.10234375
0 0.40703125 0.48359375 0.05078125 0.09375
0 0.459375 0.46171875 0.028125 0.07109375
0 0.471875 0.39140625 0.028125 0.06015625
0 0.5109375 0.44375 0.03046875 0.11015625
0 0.61484375 0.39765625 0.025 0.07890625
0 0.525 0.38671875 0.02109375 0.03359375
0 0.64296875 0.38515625 0.02578125 0.075
0 0.68359375 0.46796875 0.04921875 0.10625
0 0.65390625 0.44453125 0.02578125 0.07265625