0 0.209375 0.759375 0.41875 0.48125
0 0.25703125 0.67421875 0.3265625 0.34921875
0 0.31171875 0.55546875 0.22265625 0.36015625
0 0.2984375 0.390625 0.15390625 0.36484375
0 0.446875 0.40234375 0.11484375 0.384375
0 0.52109375 0.35234375 0.0765625 0.32265625
0 0.45078125 0.196875 0.034375 0.03671875
0 0.56015625 0.2546875 0.0640625 0.1359375
0 0.5796875 0.36796875 0.07890625 0.1921875
0 0.62578125 0.2171875 0.0609375 0.090625
0 0.57890625 0.43359375 0.0625 0.1265625
0 0.640625 0.3859375 0.08515625 0.32890625
0 0.7203125 0.46484375 0.15078125 0.48671875
0 0.7421875 0.8 0.41328125 0.4