0 0.21796875 0.746875 0.4359375 0.50546875
0 0.290625 0.70859375 0.34140625 0.36640625
0 0.33984375 0.56015625 0.2375 0.35234375
0 0.33359375 0.4171875 0.1765625 0.378125
0 0.48515625 0.40625 0.1015625 0.38046875
0 0.53515625 0.3640625 0.06328125 0.325
0 0.57734375 0.28984375 0.0640625 0.184375
0 0.60703125 0.375 0.09453125 0.1828125
0 0.62265625 0.44609375 0.0515625 0.11875
0 0.6640625 0.246875 0.05625 0.1375
0 0.71640625 0.45234375 0.1375 0.4078125
0 0.83203125 0.48046875 0.3015625 0.50078125
0 0.78203125 0.8109375 0.4359375 0.378125