0 0.23984375 0.78828125 0.1734375 0.4234375
0 0.090625 0.38203125 0.10234375 0.2015625
0 0.28984375 0.53125 0.121875 0.2640625
0 0.41015625 0.41640625 0.0796875 0.19453125
0 0.4703125 0.3421875 0.0453125 0.121875
0 0.7171875 0.66640625 0.125 0.27421875
0 0.640625 0.6265625 0.05703125 0.16640625
0 0.328125 0.3125 0.04296875 0.096875
0 0.4203125 0.2484375 0.03671875 0.0765625
0 0.74140625 0.34921875 0.04296875 0.0765625
0 0.6375 0.3296875 0.03671875 0.0796875
0 0.6375 0.1375 0.02265625 0.04140625
0 0.65234375 0.16328125 0.02265625 0.0453125