0 0.2203125 0.76171875 0.440625 0.4765625
0 0.29921875 0.6953125 0.32578125 0.375
0 0.3671875 0.56953125 0.19296875 0.340625
0 0.41484375 0.41015625 0.15234375 0.36953125
0 0.51875 0.40234375 0.1125 0.36875
0 0.54453125 0.31640625 0.07890625 0.25078125
0 0.59765625 0.26015625 0.04296875 0.14765625
0 0.621875 0.3546875 0.075 0.175
0 0.65234375 0.25625 0.03984375 0.06171875
0 0.61953125 0.45 0.05390625 0.08515625
0 0.69140625 0.4375 0.1328125 0.42421875
0 0.775 0.4921875 0.184375 0.453125
0 0.77734375 0.80703125 0.39140625 0.38515625