0 0.2203125 0.75078125 0.440625 0.4953125
0 0.27421875 0.6984375 0.346875 0.34296875
0 0.3328125 0.56171875 0.240625 0.34453125
0 0.3625 0.4109375 0.16015625 0.37421875
0 0.47421875 0.40546875 0.1109375 0.37578125
0 0.5359375 0.35703125 0.04921875 0.32578125
0 0.5796875 0.28671875 0.059375 0.1875
0 0.65625 0.2375 0.07109375 0.14609375
0 0.5953125 0.39765625 0.075 0.14140625
0 0.6984375 0.33984375 0.13125 0.240625
0 0.74609375 0.46171875 0.20234375 0.48203125
0 0.78046875 0.80703125 0.43828125 0.3859375