0 0.23203125 0.78828125 0.4640625 0.4203125
0 0.29921875 0.74609375 0.3546875 0.3125
0 0.33828125 0.60078125 0.23671875 0.325
0 0.359375 0.446875 0.1453125 0.365625
0 0.49140625 0.4328125 0.1328125 0.3765625
0 0.50703125 0.33046875 0.059375 0.20703125
0 0.540625 0.33828125 0.04140625 0.17890625
0 0.57890625 0.3015625 0.0390625 0.10703125
0 0.5875 0.36484375 0.06640625 0.16875
0 0.58828125 0.45703125 0.0484375 0.1015625
0 0.65 0.440625 0.13046875 0.4296875
0 0.74296875 0.4890625 0.19296875 0.4609375
0 0.7734375 0.79765625 0.35625 0.40390625