0 0.2328125 0.80703125 0.465625 0.3859375
0 0.2828125 0.76328125 0.3546875 0.38125
0 0.32109375 0.6125 0.2578125 0.34453125
0 0.32265625 0.45625 0.16484375 0.359375
0 0.44765625 0.4453125 0.15859375 0.36875
0 0.4921875 0.38203125 0.09140625 0.31328125
0 0.5375 0.29296875 0.05234375 0.15
0 0.56171875 0.39609375 0.07265625 0.18359375
0 0.60859375 0.246875 0.06640625 0.1109375
0 0.590625 0.471875 0.03984375 0.09453125
0 0.63984375 0.45625 0.0859375 0.39375
0 0.70078125 0.509375 0.13515625 0.45
0 0.79296875 0.80390625 0.4140625 0.39140625