0 0.1875 0.790625 0.375 0.41875
0 0.24609375 0.7390625 0.35546875 0.38984375
0 0.303125 0.60625 0.22734375 0.359375
0 0.33125 0.440625 0.19296875 0.37109375
0 0.44375 0.4390625 0.10703125 0.3859375
0 0.49609375 0.39765625 0.075 0.31640625
0 0.54140625 0.32109375 0.08828125 0.19609375
0 0.55703125 0.4015625 0.0703125 0.18359375
0 0.5875 0.4578125 0.08515625 0.128125
0 0.61796875 0.26640625 0.05234375 0.11171875
0 0.671875 0.48125 0.16484375 0.40546875
0 0.7625 0.49609375 0.23125 0.48984375
0 0.73359375 0.8125 0.3921875 0.375