0 0.2078125 0.75 0.415625 0.5
0 0.25390625 0.68671875 0.35546875 0.3640625
0 0.32890625 0.5671875 0.196875 0.34765625
0 0.33828125 0.3859375 0.21796875 0.3765625
0 0.44765625 0.4 0.10546875 0.3890625
0 0.528125 0.3546875 0.08359375 0.33046875
0 0.46328125 0.209375 0.03828125 0.08046875
0 0.56640625 0.24140625 0.05234375 0.121875
0 0.58046875 0.36640625 0.08125 0.19140625
0 0.58515625 0.434375 0.06640625 0.11171875
0 0.6296875 0.23203125 0.0671875 0.13046875
0 0.6546875 0.4359375 0.09609375 0.421875
0 0.72421875 0.46015625 0.1453125 0.48203125
0 0.7484375 0.7953125 0.428125 0.409375