0 0.23359375 0.7578125 0.4671875 0.484375
0 0.31875 0.72421875 0.33515625 0.37421875
0 0.37421875 0.5796875 0.22421875 0.346875
0 0.44140625 0.4265625 0.140625 0.3859375
0 0.5171875 0.4265625 0.09609375 0.378125
0 0.5703125 0.38828125 0.065625 0.31796875
0 0.625 0.33046875 0.08046875 0.2296875
0 0.63828125 0.4 0.0734375 0.1796875
0 0.6640625 0.46015625 0.09296875 0.121875
0 0.71796875 0.26328125 0.046875 0.13125
0 0.7609375 0.48203125 0.17265625 0.4171875
0 0.8625 0.50546875 0.2515625 0.5140625
0 0.79609375 0.821875 0.4046875 0.35625