0 0.22578125 0.7875 0.4515625 0.41171875
0 0.2546875 0.69609375 0.37109375 0.309375
0 0.31328125 0.5640625 0.2640625 0.32578125
0 0.490625 0.47734375 0.19375 0.48125
0 0.4171875 0.2734375 0.0828125 0.12109375
0 0.54609375 0.2546875 0.0609375 0.1546875
0 0.571875 0.36484375 0.065625 0.1921875
0 0.484375 0.21015625 0.03828125 0.03515625
0 0.6265625 0.21796875 0.0546875 0.11171875
0 0.66015625 0.4140625 0.1390625 0.40703125
0 0.73671875 0.46953125 0.1984375 0.45234375
0 0.7796875 0.79453125 0.41953125 0.41015625