0 0.19609375 0.7984375 0.3921875 0.403125
0 0.2484375 0.75234375 0.36875 0.3609375
0 0.290625 0.61171875 0.25 0.33828125
0 0.3328125 0.4875 0.234375 0.409375
0 0.42890625 0.4546875 0.1140625 0.3703125
0 0.47578125 0.409375 0.053125 0.3359375
0 0.5453125 0.41015625 0.05859375 0.17421875
0 0.52265625 0.328125 0.05625 0.1890625
0 0.58125 0.421875 0.09453125 0.21171875
0 0.59296875 0.2859375 0.06875 0.1453125
0 0.65546875 0.44921875 0.1390625 0.3890625
0 0.72421875 0.51484375 0.175 0.43671875
0 0.7375 0.81640625 0.38125 0.36640625