0 0.24375 0.59609375 0.0703125 0.18359375
0 0.40234375 0.628125 0.08203125 0.19140625
0 0.3265625 0.50390625 0.05390625 0.11875
0 0.4515625 0.45390625 0.0390625 0.0875
0 0.38828125 0.475 0.04375 0.11875
0 0.47421875 0.390625 0.0296875 0.06015625
0 0.53671875 0.39609375 0.02265625 0.05859375
0 0.49609375 0.44453125 0.034375 0.07265625
0 0.6078125 0.40234375 0.02734375 0.06484375
0 0.64296875 0.38203125 0.0375 0.06015625
0 0.64296875 0.42734375 0.04453125 0.06640625
0 0.678125 0.46015625 0.03671875 0.13359375