0 0.1953125 0.7859375 0.38984375 0.428125
0 0.25546875 0.7421875 0.35390625 0.37578125
0 0.30703125 0.6046875 0.2375 0.3546875
0 0.3515625 0.44609375 0.17109375 0.390625
0 0.4578125 0.44765625 0.09765625 0.3828125
0 0.49921875 0.40234375 0.08125 0.31171875
0 0.4921875 0.259375 0.03203125 0.0703125
0 0.54921875 0.35703125 0.08828125 0.2484375
0 0.5625 0.4125 0.071875 0.1796875
0 0.59453125 0.46796875 0.0875 0.13359375
0 0.63125 0.29765625 0.05703125 0.16328125
0 0.68203125 0.496875 0.17109375 0.4
0 0.76875 0.509375 0.234375 0.4984375
0 0.7390625 0.82265625 0.39375 0.3546875