0 0.21875 0.76171875 0.4375 0.4765625
0 0.26875 0.709375 0.346875 0.340625
0 0.3140625 0.55625 0.25 0.35
0 0.3 0.4140625 0.2 0.37109375
0 0.45078125 0.4046875 0.109375 0.38125
0 0.50859375 0.365625 0.065625 0.303125
0 0.5515625 0.28203125 0.0765625 0.1921875
0 0.5703125 0.3671875 0.08671875 0.18203125
0 0.5859375 0.43515625 0.03203125 0.10625
0 0.63203125 0.23125 0.05390625 0.13515625
0 0.678125 0.43125 0.14140625 0.39609375
0 0.77734375 0.45234375 0.2828125 0.49453125
0 0.76328125 0.796875 0.40703125 0.40546875