0 0.215625 0.83359375 0.43125 0.3328125
0 0.26015625 0.78671875 0.3734375 0.3640625
0 0.30078125 0.63828125 0.24453125 0.33125
0 0.36171875 0.528125 0.19609375 0.4
0 0.44609375 0.4796875 0.10234375 0.371875
0 0.48515625 0.42890625 0.04609375 0.3078125
0 0.54140625 0.3625 0.08046875 0.21953125
0 0.55703125 0.4375 0.0609375 0.178125
0 0.59296875 0.4796875 0.09296875 0.14453125
0 0.6015625 0.309375 0.0640625 0.1390625
0 0.65 0.4828125 0.1125 0.3734375
0 0.7625 0.503125 0.17109375 0.45703125
0 0.746875 0.834375 0.371875 0.33125