0 0.20859375 0.7515625 0.4171875 0.496875
0 0.25078125 0.66171875 0.35234375 0.35234375
0 0.33359375 0.54609375 0.2203125 0.3265625
0 0.24140625 0.334375 0.14140625 0.30390625
0 0.4359375 0.37109375 0.109375 0.39375
0 0.48359375 0.32734375 0.08828125 0.328125
0 0.5296875 0.24765625 0.1015625 0.1984375
0 0.55625 0.334375 0.09609375 0.18203125
0 0.60703125 0.19296875 0.046875 0.1328125
0 0.5765625 0.4 0.05234375 0.125
0 0.6453125 0.353125 0.11953125 0.325
0 0.721875 0.43359375 0.16875 0.4890625
0 0.7203125 0.79140625 0.37890625 0.4171875