0 0.20390625 0.74765625 0.4078125 0.5046875
0 0.259375 0.77734375 0.3796875 0.34921875
0 0.309375 0.6328125 0.2484375 0.33359375
0 0.36484375 0.51328125 0.20390625 0.4
0 0.44609375 0.46953125 0.11015625 0.37109375
0 0.48984375 0.42734375 0.0515625 0.328125
0 0.54609375 0.35 0.07109375 0.21015625
0 0.5625 0.42265625 0.06171875 0.16484375
0 0.58984375 0.46796875 0.08828125 0.1453125
0 0.6078125 0.3109375 0.06640625 0.16796875
0 0.67421875 0.48203125 0.16171875 0.3625
0 0.76796875 0.50546875 0.1765625 0.47734375
0 0.74921875 0.83046875 0.37578125 0.33828125