0 0.40703125 0.48515625 0.1125 0.1671875
0 0.2203125 0.5203125 0.134375 0.1828125
0 0.57265625 0.3140625 0.075 0.103125
0 0.54921875 0.23515625 0.0484375 0.0609375
0 0.5171875 0.18203125 0.0359375 0.053125
0 0.39375 0.19609375 0.0296875 0.0234375
0 0.334375 0.22734375 0.04375 0.021875
0 0.41171875 0.2140625 0.0359375 0.0421875
0 0.4046875 0.24140625 0.046875 0.0390625
0 0.31328125 0.24453125 0.04375 0.0375
0 0.41015625 0.28359375 0.06875 0.053125
0 0.27890625 0.29453125 0.0421875 0.0359375
0 0.375 0.334375 0.0578125 0.05