0 0.2078125 0.8078125 0.415625 0.384375
0 0.278125 0.765625 0.35078125 0.359375
0 0.32734375 0.6265625 0.22890625 0.328125
0 0.3765625 0.50546875 0.203125 0.40234375
0 0.46328125 0.46953125 0.1109375 0.365625
0 0.51875 0.4171875 0.0703125 0.30859375
0 0.5546875 0.35390625 0.059375 0.21171875
0 0.58046875 0.42578125 0.059375 0.16640625
0 0.6265625 0.3 0.065625 0.1390625
0 0.61015625 0.47421875 0.0875 0.1453125
0 0.67578125 0.46796875 0.13828125 0.37421875
0 0.7703125 0.5125 0.1953125 0.47578125
0 0.75390625 0.83203125 0.36875 0.3359375