0 0.21953125 0.746875 0.43828125 0.50546875
0 0.303125 0.69453125 0.30625 0.34609375
0 0.375 0.56328125 0.19765625 0.34765625
0 0.41640625 0.4140625 0.13984375 0.3703125
0 0.5375 0.42265625 0.10078125 0.37890625
0 0.78359375 0.83359375 0.41015625 0.33203125
0 0.5796875 0.2890625 0.0375 0.109375
0 0.6140625 0.34296875 0.04140625 0.1796875
0 0.653125 0.37734375 0.09296875 0.1546875
0 0.6765625 0.31328125 0.078125 0.10859375
0 0.63828125 0.46953125 0.06640625 0.10625
0 0.703125 0.4453125 0.0921875 0.37890625
0 0.74375 0.53828125 0.259375 0.465625