0 0.20234375 0.80703125 0.4046875 0.3859375
0 0.253125 0.7828125 0.3875 0.3640625
0 0.309375 0.63046875 0.25546875 0.33515625
0 0.30859375 0.48359375 0.18828125 0.36015625
0 0.440625 0.4578125 0.1296875 0.371875
0 0.4984375 0.42421875 0.059375 0.33984375
0 0.54375 0.325 0.05703125 0.1796875
0 0.5625 0.4140625 0.071875 0.18203125
0 0.609375 0.271875 0.05703125 0.1265625
0 0.58515625 0.47421875 0.0375 0.11875
0 0.66875 0.4671875 0.11171875 0.41640625
0 0.7359375 0.528125 0.18828125 0.46640625
0 0.775 0.82734375 0.409375 0.3453125