0 0.21953125 0.7828125 0.4390625 0.43359375
0 0.29921875 0.7265625 0.32734375 0.3359375
0 0.35390625 0.58046875 0.2125 0.33515625
0 0.3765625 0.4296875 0.1390625 0.3671875
0 0.49921875 0.42734375 0.1359375 0.3703125
0 0.54375 0.33359375 0.06796875 0.22890625
0 0.62734375 0.3 0.0671875 0.096875
0 0.565625 0.28046875 0.02109375 0.02578125
0 0.615625 0.36953125 0.05625 0.1625
0 0.60859375 0.4671875 0.0515625 0.09140625
0 0.6765625 0.45546875 0.11640625 0.42890625
0 0.7671875 0.5125 0.18203125 0.44296875
0 0.76875 0.81015625 0.378125 0.3796875