0 0.21484375 0.75390625 0.42890625 0.4890625
0 0.275 0.7109375 0.35546875 0.35703125
0 0.32890625 0.56796875 0.2515625 0.34609375
0 0.32578125 0.42265625 0.17890625 0.3703125
0 0.47578125 0.4125 0.11484375 0.37578125
0 0.53359375 0.36953125 0.05703125 0.321875
0 0.5734375 0.2921875 0.06796875 0.175
0 0.5984375 0.3828125 0.09296875 0.17890625
0 0.646875 0.24921875 0.065625 0.13046875
0 0.6140625 0.44453125 0.04921875 0.11171875
0 0.703125 0.45 0.13515625 0.41015625
0 0.82421875 0.48125 0.27890625 0.48984375
0 0.7796875 0.81484375 0.440625 0.3703125