0 0.20703125 0.74375 0.4140625 0.5109375
0 0.26875 0.671875 0.3078125 0.3640625
0 0.2921875 0.54453125 0.26640625 0.36171875
0 0.29140625 0.39140625 0.17109375 0.37890625
0 0.44609375 0.3921875 0.10625 0.3890625
0 0.52109375 0.3453125 0.07734375 0.32578125
0 0.56953125 0.2546875 0.06640625 0.15078125
0 0.57890625 0.35625 0.08984375 0.18671875
0 0.58125 0.43515625 0.059375 0.1125
0 0.6546875 0.378125 0.10078125 0.32109375
0 0.73125 0.45078125 0.153125 0.48359375
0 0.734375 0.79765625 0.39453125 0.40390625