0 0.20859375 0.771875 0.4171875 0.45625
0 0.23984375 0.70703125 0.36171875 0.33984375
0 0.284375 0.55234375 0.2640625 0.3453125
0 0.27109375 0.4140625 0.20625 0.3765625
0 0.42734375 0.3984375 0.115625 0.39296875
0 0.48359375 0.35390625 0.0734375 0.325
0 0.51640625 0.275 0.0765625 0.20078125
0 0.5421875 0.36484375 0.090625 0.1765625
0 0.58984375 0.22265625 0.05390625 0.13125
0 0.56875 0.4234375 0.05234375 0.115625
0 0.65078125 0.421875 0.13828125 0.40703125
0 0.75390625 0.4421875 0.27578125 0.49921875
0 0.74296875 0.79375 0.4171875 0.409375