0 0.21484375 0.8125 0.42890625 0.375
0 0.2421875 0.7546875 0.384375 0.37421875
0 0.28984375 0.59765625 0.26484375 0.34296875
0 0.3359375 0.43984375 0.18203125 0.39140625
0 0.425 0.43671875 0.13828125 0.37578125
0 0.48125 0.384375 0.06875 0.32734375
0 0.50859375 0.2890625 0.065625 0.13984375
0 0.546875 0.39375 0.0859375 0.1859375
0 0.59765625 0.25 0.06328125 0.11171875
0 0.56640625 0.453125 0.04375 0.121875
0 0.6734375 0.3109375 0.0875 0.13828125
0 0.684375 0.48671875 0.196875 0.4890625
0 0.7609375 0.80546875 0.421875 0.3890625