0 0.19765625 0.8109375 0.39453125 0.378125
0 0.24140625 0.7828125 0.36484375 0.35
0 0.30546875 0.61015625 0.25390625 0.2875
0 0.30703125 0.48984375 0.1859375 0.34765625
0 0.43828125 0.46796875 0.13359375 0.36953125
0 0.49609375 0.43125 0.05625 0.33359375
0 0.54609375 0.3171875 0.06796875 0.14609375
0 0.55703125 0.42421875 0.07265625 0.18125
0 0.65703125 0.48359375 0.13125 0.41328125
0 0.73203125 0.5296875 0.1921875 0.475
0 0.76796875 0.82734375 0.41015625 0.3453125
0 0.6140625 0.2875 0.0375 0.12421875
0 0.58515625 0.48203125 0.0390625 0.1171875