0 0.2125 0.7703125 0.425 0.45859375
0 0.25625 0.71640625 0.35234375 0.33359375
0 0.30078125 0.56484375 0.253125 0.3515625
0 0.28984375 0.4234375 0.2 0.3734375
0 0.4390625 0.41015625 0.1125 0.3875
0 0.49375 0.37421875 0.075 0.30703125
0 0.54296875 0.2890625 0.0765625 0.1953125
0 0.56875 0.37421875 0.06875 0.18359375
0 0.578125 0.434375 0.03984375 0.11953125
0 0.62109375 0.23046875 0.05625 0.121875
0 0.6625 0.44296875 0.1390625 0.38515625
0 0.76171875 0.4578125 0.28046875 0.4890625
0 0.75546875 0.80078125 0.4140625 0.3984375