0 0.21328125 0.76015625 0.4265625 0.4765625
0 0.27890625 0.71484375 0.328125 0.3515625
0 0.33046875 0.5640625 0.23515625 0.34140625
0 0.32109375 0.42734375 0.18203125 0.37109375
0 0.46796875 0.42109375 0.10234375 0.3828125
0 0.528125 0.37421875 0.05703125 0.32109375
0 0.57421875 0.30234375 0.0859375 0.1875
0 0.59296875 0.3875 0.0921875 0.1796875
0 0.6484375 0.2578125 0.05390625 0.13359375
0 0.60625 0.44765625 0.046875 0.11875
0 0.69296875 0.459375 0.1390625 0.41875
0 0.81171875 0.48515625 0.27421875 0.49375
0 0.7703125 0.81328125 0.42734375 0.3734375