0 0.2453125 0.60546875 0.07890625 0.22734375
0 0.384375 0.6125 0.08125 0.20390625
0 0.32734375 0.49921875 0.04375 0.10390625
0 0.3796875 0.46640625 0.03984375 0.08359375
0 0.44765625 0.44609375 0.025 0.06015625
0 0.4984375 0.425 0.03984375 0.08359375
0 0.45625 0.375 0.02734375 0.04140625
0 0.53828125 0.38671875 0.028125 0.04609375
0 0.6265625 0.40546875 0.03046875 0.06015625
0 0.64296875 0.3875 0.04140625 0.04375
0 0.66015625 0.42421875 0.03046875 0.05859375
0 0.6796875 0.45703125 0.0328125 0.06640625