0 0.21796875 0.77890625 0.4359375 0.4421875
0 0.28515625 0.70234375 0.32265625 0.36171875
0 0.34921875 0.57265625 0.1921875 0.3453125
0 0.3890625 0.40703125 0.1671875 0.35703125
0 0.47890625 0.41484375 0.09765625 0.378125
0 0.42265625 0.33359375 0.01875 0.07734375
0 0.5296875 0.3765625 0.06328125 0.30703125
0 0.5859375 0.309375 0.0671875 0.21796875
0 0.5890625 0.384375 0.07890625 0.1828125
0 0.6171875 0.4328125 0.090625 0.14453125
0 0.65078125 0.2515625 0.07265625 0.12890625
0 0.6890625 0.45859375 0.11640625 0.42109375
0 0.746875 0.4875 0.1453125 0.4890625
0 0.76875 0.8078125 0.43125 0.384375