0 0.19609375 0.840625 0.39140625 0.31875
0 0.20859375 0.7296875 0.38125 0.36484375
0 0.2609375 0.575 0.26640625 0.3421875
0 0.32578125 0.421875 0.1640625 0.39609375
0 0.4125 0.4125 0.1328125 0.37890625
0 0.46015625 0.36484375 0.07734375 0.3234375
0 0.4921875 0.29609375 0.05703125 0.18828125
0 0.52578125 0.37734375 0.07890625 0.184375
0 0.584375 0.24140625 0.05234375 0.13125
0 0.553125 0.43828125 0.04921875 0.1125
0 0.6265625 0.434375 0.13046875 0.403125
0 0.72109375 0.4984375 0.18671875 0.43359375
0 0.7171875 0.80234375 0.40234375 0.3953125