0 0.21640625 0.7984375 0.4328125 0.403125
0 0.23984375 0.73359375 0.37109375 0.3375
0 0.29609375 0.58203125 0.24609375 0.34296875
0 0.30390625 0.425 0.16328125 0.37421875
0 0.440625 0.4140625 0.14453125 0.37890625
0 0.49375 0.3546875 0.08046875 0.33046875
0 0.54453125 0.27265625 0.07265625 0.18125
0 0.56171875 0.36953125 0.08515625 0.18359375
0 0.615625 0.21484375 0.05859375 0.115625
0 0.6625 0.43515625 0.14453125 0.4140625
0 0.70546875 0.45859375 0.17734375 0.51015625
0 0.76953125 0.80078125 0.4265625 0.3984375