0 0.2078125 0.79921875 0.41484375 0.40078125
0 0.2625 0.7796875 0.3609375 0.3625
0 0.321875 0.628125 0.2453125 0.34140625
0 0.32265625 0.48125 0.2 0.35546875
0 0.45 0.45703125 0.12890625 0.37578125
0 0.50546875 0.42265625 0.05859375 0.3453125
0 0.559375 0.32890625 0.06328125 0.18203125
0 0.5734375 0.4140625 0.08125 0.18203125
0 0.62734375 0.28125 0.06328125 0.14296875
0 0.60234375 0.46328125 0.04296875 0.14296875
0 0.68125 0.47578125 0.11875 0.3859375
0 0.76015625 0.50546875 0.18125 0.4953125
0 0.78515625 0.82734375 0.4171875 0.3453125