0 0.21875 0.78515625 0.4375 0.42890625
0 0.25703125 0.7390625 0.36875 0.36484375
0 0.30859375 0.59453125 0.25078125 0.34921875
0 0.35390625 0.43515625 0.18828125 0.3984375
0 0.4453125 0.43203125 0.1328125 0.38359375
0 0.49921875 0.37890625 0.07265625 0.33125
0 0.53515625 0.29609375 0.05234375 0.15390625
0 0.6265625 0.24453125 0.06796875 0.1125
0 0.55390625 0.41875 0.05390625 0.1296875
0 0.71484375 0.44296875 0.07109375 0.428125
0 0.68359375 0.49921875 0.2484375 0.4875
0 0.771875 0.80703125 0.42734375 0.38515625