0 0.22890625 0.778125 0.4578125 0.44375
0 0.3375 0.74921875 0.325 0.375
0 0.3796875 0.60859375 0.21796875 0.340625
0 0.428125 0.478125 0.20234375 0.45703125
0 0.5328125 0.4625 0.1 0.3875
0 0.58671875 0.41640625 0.05 0.309375
0 0.61796875 0.35234375 0.05 0.21796875
0 0.65546875 0.41875 0.10078125 0.1890625
0 0.67265625 0.48125 0.10390625 0.13125
0 0.7296875 0.3109375 0.059375 0.17890625
0 0.771875 0.4921875 0.1734375 0.3875
0 0.86484375 0.528125 0.24609375 0.5078125
0 0.80078125 0.834375 0.3953125 0.33125