0 0.41484375 0.5296875 0.109375 0.1875
0 0.2109375 0.48203125 0.13125 0.196875
0 0.23984375 0.64765625 0.046875 0.0359375
0 0.3609375 0.66015625 0.0546875 0.0484375
0 0.3984375 0.71484375 0.04375 0.0421875
0 0.28828125 0.70546875 0.05625 0.0453125
0 0.29453125 0.74453125 0.0546875 0.0328125
0 0.31953125 0.76953125 0.0453125 0.015625
0 0.3953125 0.7484375 0.0390625 0.025
0 0.41796875 0.775 0.075 0.0265625
0 0.3921875 0.8078125 0.0453125 0.0375
0 0.52109375 0.81484375 0.0578125 0.053125
0 0.55859375 0.7671875 0.04375 0.0625
0 0.5640625 0.675 0.0765625 0.121875