0 0.19609375 0.77109375 0.38359375 0.37578125
0 0.2421875 0.615625 0.2734375 0.35859375
0 0.30859375 0.45703125 0.15390625 0.3953125
0 0.38828125 0.4515625 0.14609375 0.384375
0 0.4359375 0.3921875 0.090625 0.3140625
0 0.465625 0.3109375 0.06328125 0.15859375
0 0.378125 0.24375 0.02578125 0.03359375
0 0.50859375 0.40703125 0.0859375 0.18125
0 0.5296875 0.46796875 0.03984375 0.10625
0 0.54921875 0.26953125 0.05 0.13125
0 0.609375 0.46640625 0.13359375 0.39453125
0 0.696875 0.4890625 0.1546875 0.5
0 0.7203125 0.8109375 0.40859375 0.378125