0 0.21328125 0.76015625 0.38359375 0.3703125
0 0.2671875 0.60625 0.2609375 0.35078125
0 0.33046875 0.4484375 0.15859375 0.39609375
0 0.4125 0.44453125 0.1390625 0.3703125
0 0.46328125 0.3890625 0.07265625 0.325
0 0.4125 0.23828125 0.0234375 0.03828125
0 0.49375 0.3 0.06328125 0.14296875
0 0.53359375 0.40234375 0.08125 0.178125
0 0.55 0.4609375 0.04375 0.1140625
0 0.578125 0.265625 0.046875 0.128125
0 0.6046875 0.37265625 0.0859375 0.2078125
0 0.68828125 0.496875 0.18359375 0.48984375
0 0.73984375 0.81328125 0.42265625 0.3734375