0 0.21484375 0.740625 0.42890625 0.51875
0 0.2875 0.69140625 0.3265625 0.3625
0 0.34140625 0.5609375 0.20546875 0.34609375
0 0.40703125 0.4046875 0.16015625 0.37421875
0 0.48828125 0.41484375 0.09765625 0.37578125
0 0.5328125 0.3734375 0.05859375 0.3140625
0 0.5984375 0.32578125 0.075 0.24375
0 0.6109375 0.38671875 0.10234375 0.178125
0 0.6453125 0.4046875 0.14453125 0.20546875
0 0.675 0.25390625 0.0671875 0.121875
0 0.725 0.4546875 0.20546875 0.42734375
0 0.76328125 0.48984375 0.153125 0.49921875
0 0.775 0.80625 0.45 0.3875