0 0.20234375 0.84609375 0.40390625 0.3078125
0 0.26640625 0.75546875 0.36875 0.35078125
0 0.30625 0.60703125 0.25 0.33125
0 0.3625 0.48671875 0.20234375 0.403125
0 0.44140625 0.446875 0.11953125 0.37890625
0 0.48671875 0.40390625 0.053125 0.33828125
0 0.5375 0.32265625 0.06640625 0.20078125
0 0.56015625 0.3984375 0.06171875 0.16484375
0 0.5921875 0.44609375 0.0859375 0.15
0 0.6 0.27578125 0.0671875 0.14609375
0 0.68125 0.46015625 0.1328125 0.40234375
0 0.7640625 0.47265625 0.17265625 0.46484375
0 0.74765625 0.81875 0.37578125 0.36171875