0 0.19765625 0.75078125 0.39453125 0.4984375
0 0.284375 0.69765625 0.31796875 0.34921875
0 0.35546875 0.56328125 0.18828125 0.33515625
0 0.4078125 0.41328125 0.153125 0.37578125
0 0.49921875 0.41171875 0.1234375 0.3671875
0 0.5390625 0.31640625 0.08515625 0.23515625
0 0.5859375 0.27890625 0.04140625 0.11953125
0 0.61484375 0.3671875 0.0703125 0.184375
0 0.63984375 0.29140625 0.06171875 0.109375
0 0.60703125 0.45234375 0.0484375 0.10234375
0 0.68359375 0.44140625 0.13984375 0.4234375
0 0.77109375 0.49921875 0.2109375 0.4328125
0 0.7515625 0.8046875 0.38828125 0.38984375