0 0.2234375 0.825 0.44609375 0.35
0 0.28828125 0.7671875 0.3515625 0.36484375
0 0.33828125 0.62890625 0.22890625 0.3328125
0 0.390625 0.5109375 0.2 0.41171875
0 0.47734375 0.475 0.090625 0.378125
0 0.5328125 0.428125 0.06796875 0.3140625
0 0.575 0.35390625 0.08203125 0.20625
0 0.59296875 0.43359375 0.053125 0.17109375
0 0.6234375 0.475 0.09296875 0.15078125
0 0.64375 0.3140625 0.059375 0.159375
0 0.684375 0.48515625 0.12578125 0.371875
0 0.79453125 0.5203125 0.17265625 0.48359375
0 0.7609375 0.834375 0.375 0.33125