0 0.19140625 0.7734375 0.3828125 0.45234375
0 0.2578125 0.72421875 0.3546875 0.38515625
0 0.31796875 0.5890625 0.20859375 0.3203125
0 0.3359375 0.440625 0.18828125 0.378125
0 0.44140625 0.44296875 0.1140625 0.3859375
0 0.49453125 0.39609375 0.08984375 0.3109375
0 0.54296875 0.34453125 0.07734375 0.240625
0 0.56875 0.403125 0.07578125 0.17734375
0 0.59296875 0.46484375 0.08046875 0.12421875
0 0.61484375 0.2671875 0.07890625 0.11875
0 0.67734375 0.48359375 0.16015625 0.41171875
0 0.77265625 0.50390625 0.234375 0.4984375
0 0.74140625 0.8140625 0.38984375 0.371875