0 0.20703125 0.77890625 0.4140625 0.4421875
0 0.27734375 0.7546875 0.35546875 0.38046875
0 0.33046875 0.60703125 0.234375 0.34609375
0 0.45390625 0.4578125 0.225 0.37890625
0 0.525 0.271875 0.03359375 0.08203125
0 0.47734375 0.45546875 0.1015625 0.37421875
0 0.52265625 0.4140625 0.08203125 0.31328125
0 0.578125 0.36015625 0.09453125 0.23984375
0 0.5921875 0.41953125 0.071875 0.18203125
0 0.61875 0.47265625 0.08828125 0.1296875
0 0.65703125 0.290625 0.05 0.125
0 0.70625 0.4984375 0.16796875 0.4078125
0 0.79921875 0.51796875 0.240625 0.496875
0 0.7734375 0.83125 0.41015625 0.3375