0 0.2359375 0.740625 0.471875 0.51875
0 0.32578125 0.6671875 0.3171875 0.359375
0 0.38203125 0.5328125 0.22890625 0.3625
0 0.3734375 0.39375 0.16484375 0.378125
0 0.528125 0.3875 0.1015625 0.390625
0 0.58046875 0.34296875 0.059375 0.328125
0 0.63125 0.2984375 0.09296875 0.25546875
0 0.64765625 0.3609375 0.1046875 0.184375
0 0.7171875 0.21875 0.075 0.13515625
0 0.66171875 0.4265625 0.0546875 0.11484375
0 0.7609375 0.43125 0.14765625 0.42421875
0 0.8796875 0.459375 0.240625 0.5234375
0 0.7953125 0.81640625 0.409375 0.36640625