0 0.2109375 0.809375 0.421875 0.38046875
0 0.2375 0.7375 0.384375 0.30703125
0 0.2875 0.6109375 0.25546875 0.33984375
0 0.328125 0.4921875 0.23203125 0.41484375
0 0.42109375 0.45703125 0.11875 0.36875
0 0.45859375 0.3625 0.06328125 0.23984375
0 0.515625 0.3296875 0.059375 0.20078125
0 0.53359375 0.40703125 0.0625 0.17109375
0 0.57265625 0.421875 0.10078125 0.2015625
0 0.58203125 0.284375 0.065625 0.1359375
0 0.6453125 0.453125 0.1328125 0.39453125
0 0.71953125 0.50546875 0.1734375 0.40703125
0 0.73515625 0.81328125 0.38359375 0.3734375