0 0.2125 0.78046875 0.425 0.43828125
0 0.24609375 0.71875 0.3703125 0.34609375
0 0.2984375 0.571875 0.2609375 0.3421875
0 0.3296875 0.421875 0.184375 0.38359375
0 0.44140625 0.40703125 0.1359375 0.3796875
0 0.490625 0.3625 0.08046875 0.328125
0 0.52734375 0.284375 0.06171875 0.18125
0 0.55859375 0.36953125 0.08359375 0.18359375
0 0.60859375 0.2296875 0.05703125 0.12421875
0 0.57890625 0.4375 0.0390625 0.1109375
0 0.66015625 0.43125 0.12578125 0.40859375
0 0.75859375 0.496875 0.19609375 0.42734375