0 0.8 0.4890625 0.115625 0.221875
0 0.59296875 0.5203125 0.128125 0.19375
0 0.43125 0.68828125 0.053125 0.084375
0 0.4421875 0.77109375 0.0484375 0.046875
0 0.47265625 0.8234375 0.0484375 0.0453125
0 0.628125 0.6578125 0.0640625 0.0515625
0 0.77734375 0.63515625 0.06875 0.0421875
0 0.728125 0.70078125 0.05 0.05
0 0.60703125 0.70703125 0.065625 0.0359375
0 0.70859375 0.75078125 0.0421875 0.034375
0 0.6765625 0.7765625 0.0359375 0.0296875
0 0.60859375 0.7515625 0.040625 0.021875
0 0.5953125 0.77578125 0.053125 0.021875