0 0.21640625 0.759375 0.4328125 0.48125
0 0.278125 0.6734375 0.33203125 0.35703125
0 0.34296875 0.53984375 0.1953125 0.365625
0 0.3078125 0.3625 0.1796875 0.31796875
0 0.4625 0.38515625 0.109375 0.39140625
0 0.51640625 0.340625 0.07890625 0.32890625
0 0.56328125 0.2671875 0.08828125 0.2015625
0 0.58515625 0.35234375 0.09765625 0.18203125
0 0.60703125 0.4078125 0.05234375 0.12890625
0 0.65390625 0.21015625 0.07578125 0.12890625
0 0.6890625 0.41484375 0.14765625 0.41015625
0 0.81328125 0.42109375 0.1984375 0.5375
0 0.76328125 0.7953125 0.41015625 0.409375