0 0.215625 0.790625 0.43125 0.41875
0 0.3125 0.7578125 0.32890625 0.33671875
0 0.3625 0.60703125 0.215625 0.33828125
0 0.39921875 0.45625 0.15859375 0.36640625
0 0.515625 0.4578125 0.13984375 0.36953125
0 0.54609375 0.36328125 0.0734375 0.23359375
0 0.5859375 0.35 0.04921875 0.1546875
0 0.6171875 0.403125 0.06875 0.17734375
0 0.6421875 0.3296875 0.071875 0.1
0 0.61484375 0.5 0.0578125 0.08515625
0 0.69609375 0.47890625 0.1234375 0.4375
0 0.784375 0.53515625 0.19375 0.4515625
0 0.79609375 0.82421875 0.3890625 0.3515625