0 0.22734375 0.7765625 0.45390625 0.446875
0 0.33203125 0.74921875 0.33046875 0.3796875
0 0.37890625 0.6078125 0.221875 0.3515625
0 0.43828125 0.4875 0.1375 0.43828125
0 0.52734375 0.4578125 0.09296875 0.378125
0 0.58125 0.4140625 0.0578125 0.3109375
0 0.63125 0.3375 0.0953125 0.1953125
0 0.64296875 0.42109375 0.0859375 0.184375
0 0.671875 0.4625 0.10625 0.16015625
0 0.71640625 0.2953125 0.05234375 0.14453125
0 0.7640625 0.4984375 0.14921875 0.40859375
0 0.85625 0.53046875 0.24453125 0.50859375
0 0.8015625 0.83359375 0.39609375 0.3328125