0 0.45 0.10390625 0.06953125 0.103125
0 0.52265625 0.09921875 0.07578125 0.10546875
0 0.3671875 0.221875 0.0640625 0.1
0 0.79921875 0.2015625 0.0640625 0.1
0 0.6484375 0.28828125 0.06953125 0.103125
0 0.3578125 0.31328125 0.07578125 0.10546875
0 0.80390625 0.284375 0.06015625 0.08515625
0 0.88515625 0.28359375 0.071875 0.0953125
0 0.4875 0.41640625 0.08125 0.1125
0 0.6453125 0.3984375 0.07578125 0.1203125
0 0.81015625 0.40625 0.0734375 0.0953125
0 0.3859375 0.53671875 0.07734375 0.11015625
0 0.47734375 0.53125 0.08125 0.11796875
0 0.56015625 0.53359375 0.0828125 0.11015625
0 0.73359375 0.52109375 0.09609375 0.128125
0 0.91328125 0.5328125 0.0984375 0.128125
0 0.26328125 0.66640625 0.0921875 0.1375
0 0.3671875 0.67578125 0.08125 0.13515625
0 0.64375 0.67265625 0.07734375 0.13046875
0 0.73671875 0.6640625 0.0890625 0.125
0 0.91875 0.66640625 0.0890625 0.115625
0 0.04140625 0.834375 0.0734375 0.1703125
0 0.14453125 0.8421875 0.09609375 0.16015625
0 0.7421875 0.8359375 0.109375 0.1703125
0 0.94609375 0.8546875 0.1078125 0.19296875