0 0.325 0.11484375 0.04453125 0.0875
0 0.35 0.2203125 0.040625 0.09296875
0 0.403125 0.21328125 0.046875 0.11171875
0 0.23984375 0.359375 0.03203125 0.07109375
0 0.15 0.26484375 0.04296875 0.065625
0 0.184375 0.35390625 0.05859375 0.08984375
0 0.13046875 0.42109375 0.06640625 0.10390625
0 0.0890625 0.3125 0.05 0.0734375
0 0.08828125 0.53984375 0.0734375 0.10390625
0 0.0421875 0.6203125 0.084375 0.084375
0 0.05 0.85546875 0.04296875 0.08984375
0 0.09296875 0.87421875 0.04375 0.11171875
0 0.13671875 0.86640625 0.04296875 0.128125
0 0.17890625 0.859375 0.04921875 0.15546875
0 0.24921875 0.68203125 0.04921875 0.1203125
0 0.35078125 0.67109375 0.0734375 0.14453125
0 0.1578125 0.584375 0.040625 0.0875
0 0.20703125 0.5734375 0.05 0.109375
0 0.2765625 0.5515625 0.05 0.10390625
0 0.09375 0.740625 0.04140625 0.10625
0 0.44296875 0.81796875 0.0625 0.15546875
0 0.5984375 0.80078125 0.053125 0.13125
0 0.596875 0.6328125 0.04609375 0.128125
0 0.646875 0.62578125 0.05 0.15
0 0.45546875 0.64765625 0.04609375 0.11171875
0 0.90625 0.53828125 0.06171875 0.1609375
0 0.95703125 0.7375 0.075 0.18828125
0 0.46171875 0.51796875 0.03828125 0.11171875
0 0.50859375 0.50390625 0.04296875 0.12578125
0 0.55234375 0.4984375 0.04453125 0.13359375
0 0.5984375 0.4875 0.046875 0.13671875
0 0.6421875 0.46328125 0.040625 0.1390625
0 0.68828125 0.459375 0.04296875 0.1421875
0 0.73671875 0.44140625 0.04453125 0.14765625
0 0.50859375 0.3671875 0.0375 0.12578125
0 0.55390625 0.3578125 0.040625 0.13359375
0 0.4734375 0.2703125 0.0375 0.12578125
0 0.675 0.20390625 0.04375 0.1203125
0 0.63828125 0.334375 0.04609375 0.10390625
0 0.865625 0.271875 0.05625 0.13359375
0 0.5921875 0.13125 0.0375 0.10390625
0 0.80078125 0.17890625 0.03828125 0.12578125
0 0.21640625 0.446875 0.053125 0.08984375
0 0.25390625 0.45078125 0.03046875 0.0734375
0 0.28984375 0.43203125 0.03515625 0.11171875
0 0.3296875 0.434375 0.03671875 0.10625
0 0.0421875 0.421875 0.04765625 0.084375
0 0.6734375 0.09296875 0.05 0.06015625
0 0.70390625 0.0296875 0.0390625 0.059375