0 0.359375 0.20859375 0.06953125 0.06953125
0 0.43125 0.18515625 0.07109375 0.08828125
0 0.56015625 0.196875 0.053125 0.06953125
0 0.634375 0.203125 0.0578125 0.07890625
0 0.6953125 0.19609375 0.05625 0.06953125
0 0.7765625 0.1859375 0.06796875 0.0765625
0 0.8484375 0.1875 0.07734375 0.0765625
0 0.3421875 0.2765625 0.06953125 0.08203125
0 0.5609375 0.27265625 0.06796875 0.084375
0 0.778125 0.2734375 0.06640625 0.096875
0 0.1296875 0.46796875 0.08125 0.0953125
0 0.21640625 0.46640625 0.06796875 0.09921875
0 0.3 0.47421875 0.07578125 0.096875
0 0.32265625 0.36171875 0.08125 0.09921875
0 0.07890625 0.57421875 0.09609375 0.11171875
0 0.0453125 0.7234375 0.090625 0.13359375
0 0.15390625 0.73046875 0.0859375 0.14453125
0 0.25390625 0.71484375 0.07734375 0.128125
0 0.1859375 0.58125 0.07578125 0.11328125
0 0.28515625 0.584375 0.06640625 0.10078125
0 0.440625 0.6015625 0.07734375 0.1046875
0 0.5359375 0.603125 0.084375 0.1171875
0 0.628125 0.61171875 0.06640625 0.11328125
0 0.81015625 0.59453125 0.09296875 0.115625
0 0.72734375 0.48359375 0.0875 0.10078125
0 0.5453125 0.484375 0.07421875 0.09375
0 0.45859375 0.48046875 0.07890625 0.1046875
0 0.79375 0.38515625 0.06640625 0.08828125
0 0.553125 0.3796875 0.07734375 0.096875
0 0.8109375 0.73984375 0.10078125 0.15546875
0 0.92109375 0.75078125 0.090625 0.16328125
0 0.52734375 0.734375 0.09296875 0.1390625
0 0.4171875 0.8921875 0.10078125 0.15546875