0 0.30390625 0.11015625 0.07578125 0.13359375
0 0.40390625 0.090625 0.08984375 0.15859375
0 0.2078125 0.278125 0.10078125 0.15234375
0 0.765625 0.253125 0.08671875 0.1375
0 0.77578125 0.44453125 0.0984375 0.15234375
0 0.88984375 0.4296875 0.10078125 0.1953125
0 0.18515625 0.44375 0.08203125 0.1296875
0 0.5796875 0.421875 0.09140625 0.1484375
0 0.36953125 0.6265625 0.125 0.14609375
0 0.571875 0.60703125 0.10859375 0.13984375
0 0.78359375 0.6140625 0.1109375 0.1234375
0 0.23046875 0.82890625 0.1078125 0.1296875
0 0.34375 0.8203125 0.11796875 0.13359375
0 0.45625 0.825 0.09375 0.1109375
0 0.68359375 0.8046875 0.11953125 0.15
0 0.92734375 0.81484375 0.1171875 0.14375