0 0.17890625 0.30390625 0.08359375 0.10703125
0 0.03984375 0.13359375 0.0796875 0.1234375
0 0.678125 0.1046875 0.059375 0.084375
0 0.74921875 0.08671875 0.05390625 0.10078125
0 0.54453125 0.19609375 0.0640625 0.084375
0 0.33671875 0.2 0.05234375 0.0890625
0 0.16328125 0.40078125 0.08046875 0.08671875
0 0.3109375 0.40546875 0.07890625 0.12109375
0 0.6234375 0.3953125 0.07890625 0.1140625
0 0.70859375 0.3953125 0.0625 0.10078125
0 0.6171875 0.28046875 0.059375 0.09375
0 0.7578125 0.28671875 0.05546875 0.0890625
0 0.8390625 0.28046875 0.07578125 0.09609375
0 0.13828125 0.5171875 0.07890625 0.10703125
0 0.46484375 0.52421875 0.07578125 0.12109375
0 0.6265625 0.51796875 0.065625 0.11875
0 0.715625 0.5125 0.059375 0.11875
0 0.80546875 0.53203125 0.07421875 0.11640625
0 0.096875 0.678125 0.08203125 0.128125
0 0.19609375 0.68046875 0.08515625 0.134375
0 0.5484375 0.66328125 0.08828125 0.1390625
0 0.9015625 0.64921875 0.08671875 0.134375
0 0.26015625 0.82890625 0.08515625 0.128125
0 0.36015625 0.83984375 0.07734375 0.1234375
0 0.45390625 0.82890625 0.07421875 0.13671875
0 0.54296875 0.82890625 0.0703125 0.11875
0 0.73828125 0.82421875 0.1015625 0.14375
0 0.83828125 0.81953125 0.08671875 0.16171875
0 0.9390625 0.825 0.08046875 0.16171875