0 0.04765625 0.85546875 0.0953125 0.2890625
0 0.15 0.76875 0.07734375 0.1640625
0 0.18125 0.90625 0.140625 0.1875
0 0.26796875 0.821875 0.10234375 0.23125
0 0.32734375 0.765625 0.07734375 0.1359375
0 0.38359375 0.71484375 0.06015625 0.1296875
0 0.38046875 0.496875 0.0390625 0.0734375
0 0.53671875 0.42109375 0.07421875 0.1640625
0 0.7390625 0.60703125 0.06328125 0.1015625
0 0.71796875 0.765625 0.05625 0.15234375
0 0.68515625 0.69453125 0.05625 0.12421875
0 0.64765625 0.615625 0.04921875 0.11328125
0 0.834375 0.70078125 0.06015625 0.11328125
0 0.88046875 0.76015625 0.084375 0.1578125
0 0.7890625 0.8421875 0.09140625 0.203125
0 0.8890625 0.909375 0.14453125 0.18046875
0 0.96640625 0.78515625 0.0671875 0.21484375