0 0.16875 0.60078125 0.1234375 0.240625
0 0.09609375 0.390625 0.09453125 0.21328125
0 0.3109375 0.33359375 0.065625 0.18046875
0 0.45234375 0.2921875 0.0984375 0.23515625
0 0.7328125 0.671875 0.10546875 0.2296875
0 0.88203125 0.4890625 0.10546875 0.196875
0 0.67265625 0.49453125 0.08359375 0.16953125
0 0.8203125 0.33046875 0.09453125 0.15859375
0 0.62578125 0.33046875 0.06875 0.15859375
0 0.390625 0.1609375 0.06875 0.14765625
0 0.5125 0.13671875 0.065625 0.13671875
0 0.24375 0.2484375 0.05078125 0.09296875
0 0.6984375 0.1828125 0.04375 0.08203125
0 0.590625 0.17734375 0.03671875 0.065625
0 0.59609375 0.13359375 0.0328125 0.065625
0 0.6015625 0.25703125 0.04765625 0.0984375