0 0.196875 0.74765625 0.16953125 0.29921875
0 0.0890625 0.61875 0.10390625 0.18046875
0 0.19140625 0.54609375 0.1078125 0.16484375
0 0.3265625 0.6109375 0.1234375 0.2265625
0 0.403125 0.53828125 0.1 0.1859375
0 0.28984375 0.4796875 0.0734375 0.1234375
0 0.32421875 0.41484375 0.05390625 0.10859375
0 0.3765625 0.39140625 0.05 0.103125
0 0.39765625 0.35078125 0.03125 0.0671875
0 0.50546875 0.24765625 0.0890625 0.190625
0 0.565625 0.21875 0.0578125 0.1390625
0 0.66953125 0.26796875 0.12734375 0.24765625
0 0.72578125 0.21640625 0.0734375 0.1234375
0 0.89609375 0.4875 0.06171875 0.14921875
0 0.959375 0.721875 0.08125 0.2375