0 0.71015625 0.690625 0.1734375 0.28125
0 0.60546875 0.88203125 0.17578125 0.2359375
0 0.6390625 0.33828125 0.0625 0.08671875
0 0.74296875 0.35078125 0.059375 0.10078125
0 0.63203125 0.14375 0.03671875 0.0796875
0 0.66796875 0.1703125 0.05390625 0.065625
0 0.16015625 0.7828125 0.1703125 0.39921875
0 0.21171875 0.54140625 0.13359375 0.27109375
0 0.375 0.434375 0.09375 0.221875
0 0.46015625 0.33359375 0.07109375 0.13515625
0 0.50546875 0.246875 0.034375 0.0765625
0 0.421875 0.2484375 0.03984375 0.0796875
0 0.46015625 0.2203125 0.028125 0.08359375