0 0.03671875 0.62109375 0.0734375 0.165625
0 0.1203125 0.6875 0.084375 0.1765625
0 0.1703125 0.45546875 0.0609375 0.1515625
0 0.3640625 0.51796875 0.065625 0.15546875
0 0.35546875 0.39765625 0.07265625 0.08046875
0 0.26875 0.3640625 0.05 0.1125
0 0.325 0.30625 0.04375 0.096875
0 0.38984375 0.2734375 0.04765625 0.10390625
0 0.465625 0.33515625 0.0421875 0.09453125
0 0.6203125 0.56640625 0.06171875 0.1625
0 0.796875 0.65546875 0.0671875 0.19609375
0 0.759375 0.478125 0.05234375 0.12890625
0 0.753125 0.4 0.08046875 0.103125
0 0.671875 0.346875 0.0359375 0.07890625
0 0.63125 0.459375 0.0671875 0.0765625