0 0.1953125 0.7578125 0.1734375 0.3140625
0 0.08671875 0.6234375 0.115625 0.190625
0 0.1890625 0.54921875 0.1078125 0.175
0 0.33359375 0.61328125 0.1234375 0.23203125
0 0.28359375 0.4765625 0.0734375 0.12890625
0 0.328125 0.42265625 0.065625 0.1234375
0 0.37421875 0.39140625 0.0578125 0.1234375
0 0.4 0.353125 0.04609375 0.09765625
0 0.40703125 0.5359375 0.0890625 0.18046875
0 0.509375 0.25546875 0.10390625 0.20078125
0 0.565625 0.20859375 0.05390625 0.14453125
0 0.66953125 0.25546875 0.15078125 0.25234375
0 0.88984375 0.47421875 0.0578125 0.1546875
0 0.95546875 0.7140625 0.0890625 0.20625