0 0.08046875 0.9125 0.115625 0.14921875
0 0.240625 0.803125 0.09296875 0.14921875
0 0.43125 0.640625 0.15703125 0.2765625
0 0.67890625 0.3296875 0.10859375 0.25
0 0.096875 0.6359375 0.08203125 0.10078125
0 0.19765625 0.6515625 0.08203125 0.11171875
0 0.3453125 0.4734375 0.0859375 0.16484375
0 0.578125 0.2875 0.07109375 0.16484375
0 0.11015625 0.534375 0.059375 0.090625
0 0.19375 0.44921875 0.05234375 0.090625
0 0.1234375 0.4625 0.05625 0.06953125
0 0.52421875 0.2046875 0.0484375 0.10078125
0 0.925 0.44453125 0.14921875 0.31953125
0 0.0953125 0.38828125 0.04140625 0.0640625
0 0.22578125 0.40390625 0.078125 0.08515625
0 0.09921875 0.3328125 0.0484375 0.04765625
0 0.19375 0.31640625 0.04140625 0.06953125