0 0.1171875 0.32734375 0.14375 0.209375
0 0.35 0.128125 0.12890625 0.21484375
0 0.56640625 0.33515625 0.11015625 0.21953125
0 0.61328125 0.6515625 0.14765625 0.26171875
0 0.846875 0.69375 0.1625 0.29296875
0 0.7125 0.403125 0.10234375 0.178125
0 0.85390625 0.484375 0.10625 0.19921875
0 0.94296875 0.43984375 0.10625 0.146875
0 0.8046875 0.31953125 0.0875 0.1359375
0 0.76875 0.28515625 0.04921875 0.11015625
0 0.653125 0.321875 0.0609375 0.11015625
0 0.6859375 0.1515625 0.04921875 0.0890625
0 0.61171875 0.19140625 0.04140625 0.09453125
0 0.475 0.2328125 0.0453125 0.11015625
0 0.5171875 0.17578125 0.0375 0.0578125
0 0.41640625 0.24375 0.04921875 0.09453125
0 0.44140625 0.19140625 0.034375 0.07890625
0 0.51171875 0.23046875 0.04140625 0.08359375
0 0.57578125 0.21484375 0.0375 0.0625