0 0.05625 0.61171875 0.1125 0.23515625
0 0.21796875 0.50234375 0.0984375 0.175
0 0.26015625 0.63125 0.1421875 0.24609375
0 0.3203125 0.45390625 0.06875 0.14765625
0 0.378125 0.4015625 0.04375 0.09296875
0 0.43671875 0.48671875 0.0984375 0.196875
0 0.7125 0.6171875 0.134375 0.2953125
0 0.9671875 0.68828125 0.065625 0.2625
0 0.8875 0.55703125 0.09453125 0.21875
0 0.79453125 0.4703125 0.065625 0.13671875
0 0.709375 0.39609375 0.05078125 0.13125
0 0.421875 0.37421875 0.0328125 0.065625
0 0.490625 0.4125 0.02890625 0.0765625
0 0.53984375 0.37421875 0.04765625 0.09296875
0 0.57109375 0.35546875 0.0328125 0.065625
0 0.61796875 0.3171875 0.02578125 0.06015625
0 0.65625 0.38515625 0.03984375 0.0984375
0 0.76171875 0.38515625 0.03671875 0.08203125
0 0.7984375 0.40703125 0.04765625 0.07109375