0 0.10390625 0.3734375 0.2078125 0.50546875
0 0.19921875 0.11015625 0.1359375 0.2203125
0 0.5359375 0.1234375 0.128125 0.246875
0 0.34921875 0.38125 0.1734375 0.36328125
0 0.7 0.12109375 0.05625 0.11015625
0 0.83984375 0.184375 0.053125 0.1
0 0.80390625 0.29453125 0.053125 0.1
0 0.88671875 0.334375 0.0453125 0.09453125
0 0.92265625 0.39453125 0.07578125 0.1
0 0.95625 0.49453125 0.0828125 0.12109375
0 0.94140625 0.76875 0.1171875 0.35234375
0 0.76640625 0.38671875 0.07578125 0.16875
0 0.7265625 0.5078125 0.0828125 0.19453125
0 0.6546875 0.534375 0.0984375 0.20546875
0 0.609375 0.7078125 0.1546875 0.34765625