0 0.48671875 0.83359375 0.32421875 0.2234375
0 0.0703125 0.6296875 0.140625 0.128125
0 0.26171875 0.59453125 0.0625 0.0796875
0 0.31171875 0.5640625 0.06796875 0.04921875
0 0.3953125 0.54921875 0.0578125 0.05703125
0 0.453125 0.5609375 0.046875 0.04921875
0 0.63359375 0.615625 0.15703125 0.09453125
0 0.60234375 0.5359375 0.06796875 0.053125
0 0.6703125 0.534375 0.046875 0.0375
0 0.75390625 0.534375 0.03671875 0.03046875
0 0.82421875 0.55859375 0.0625 0.04921875
0 0.80078125 0.5375 0.046875 0.0375