0 0.175 0.36328125 0.19296875 0.434375
0 0.328125 0.24375 0.10703125 0.26796875
0 0.51015625 0.5328125 0.06640625 0.1546875
0 0.44140625 0.51484375 0.06015625 0.184375
0 0.8234375 0.5265625 0.06640625 0.184375
0 0.86640625 0.42265625 0.046875 0.14296875
0 0.975 0.54453125 0.05 0.16640625
0 0.8046875 0.36328125 0.05 0.0953125
0 0.53203125 0.42265625 0.053125 0.11875
0 0.43828125 0.50859375 0.06328125 0.1609375
0 0.6703125 0.36875 0.03984375 0.10703125
0 0.69140625 0.30390625 0.0296875 0.07734375
0 0.7546875 0.3421875 0.03359375 0.0890625
0 0.75 0.44375 0.03671875 0.11328125
0 0.7 0.38671875 0.03984375 0.0953125
0 0.6515625 0.31875 0.03359375 0.065625
0 0.578125 0.29765625 0.03359375 0.07109375
0 0.525 0.2796875 0.03359375 0.07109375
0 0.43203125 0.4140625 0.03671875 0.07109375
0 0.446875 0.33046875 0.0296875 0.08359375
0 0.471875 0.3359375 0.0296875 0.07734375
0 0.5296875 0.33359375 0.0296875 0.065625