0 0.0953125 0.84921875 0.134375 0.3015625
0 0.2203125 0.76484375 0.0984375 0.16953125
0 0.3875 0.715625 0.13125 0.1859375
0 0.3328125 0.5734375 0.0875 0.15859375
0 0.48515625 0.5765625 0.090625 0.153125
0 0.58203125 0.5 0.0765625 0.15859375
0 0.44375 0.45625 0.0578125 0.11484375
0 0.4984375 0.3828125 0.04375 0.09296875
0 0.58359375 0.3796875 0.04375 0.09296875
0 0.6203125 0.459375 0.0578125 0.11484375
0 0.7578125 0.30859375 0.065625 0.13671875
0 0.85234375 0.36875 0.0796875 0.20234375
0 0.9234375 0.40703125 0.04765625 0.10390625
0 0.965625 0.42109375 0.05078125 0.0984375
0 0.9671875 0.4921875 0.065625 0.1203125