0 0.06015625 0.62109375 0.1203125 0.3578125
0 0.17734375 0.42890625 0.12421875 0.23125
0 0.48515625 0.51015625 0.09453125 0.1578125
0 0.7078125 0.1765625 0.13984375 0.24765625
0 0.88125 0.6578125 0.146875 0.28984375
0 0.9359375 0.48671875 0.09453125 0.16875
0 0.33046875 0.32890625 0.053125 0.1
0 0.3828125 0.3234375 0.04140625 0.0734375
0 0.4375 0.35546875 0.04921875 0.0734375
0 0.51328125 0.384375 0.04921875 0.09453125
0 0.5078125 0.30546875 0.03046875 0.0578125
0 0.5546875 0.315625 0.04140625 0.04765625
0 0.54921875 0.35234375 0.0375 0.0734375