0 0.2671875 0.59296875 0.11640625 0.25703125
0 0.5 0.6421875 0.1234375 0.25703125
0 0.621875 0.50234375 0.06875 0.153125
0 0.40546875 0.5109375 0.06171875 0.13125
0 0.49609375 0.49453125 0.06171875 0.1203125
0 0.4578125 0.44296875 0.03984375 0.08203125
0 0.4890625 0.41015625 0.0328125 0.065625
0 0.50546875 0.36875 0.0328125 0.07109375
0 0.55625 0.4484375 0.03671875 0.0875
0 0.65625 0.4375 0.04375 0.09296875
0 0.5890625 0.36640625 0.03671875 0.08203125
0 0.9109375 0.4671875 0.0578125 0.11484375
0 0.8578125 0.42109375 0.04375 0.09296875
0 0.90703125 0.390625 0.04375 0.065625
0 0.83671875 0.3796875 0.0328125 0.065625
0 0.78203125 0.34453125 0.02578125 0.065625