0 0.12421875 0.7359375 0.16484375 0.25390625
0 0.41953125 0.53125 0.13046875 0.21796875
0 0.6765625 0.334375 0.11875 0.18125
0 0.87578125 0.3546875 0.0921875 0.18671875
0 0.1515625 0.40703125 0.134375 0.165625
0 0.3796875 0.34453125 0.10703125 0.165625
0 0.13203125 0.2796875 0.0921875 0.1296875
0 0.23984375 0.21796875 0.05390625 0.10859375
0 0.39296875 0.240625 0.084375 0.11953125
0 0.6109375 0.2484375 0.07265625 0.11953125
0 0.7625 0.2484375 0.06875 0.15
0 0.6859375 0.1453125 0.07265625 0.10859375
0 0.6171875 0.12421875 0.05390625 0.11953125
0 0.51953125 0.20234375 0.0578125 0.1140625
0 0.515625 0.13984375 0.05 0.0828125
0 0.4328125 0.15 0.05 0.10859375
0 0.36796875 0.1890625 0.04609375 0.0828125