0 0.046875 0.63671875 0.09296875 0.3453125
0 0.34140625 0.48515625 0.0703125 0.20234375
0 0.36015625 0.36640625 0.053125 0.125
0 0.40859375 0.67265625 0.13359375 0.30390625
0 0.51796875 0.3421875 0.053125 0.1484375
0 0.603125 0.4765625 0.0796875 0.25
0 0.74140625 0.63984375 0.1265625 0.32734375
0 0.6703125 0.434375 0.05703125 0.1484375
0 0.66015625 0.19609375 0.03984375 0.08359375
0 0.7953125 0.3125 0.03984375 0.07734375
0 0.7734375 0.2765625 0.03671875 0.08359375
0 0.60859375 0.2734375 0.0296875 0.07734375