0 0.21796875 0.45390625 0.0578125 0.13671875
0 0.29609375 0.38828125 0.05078125 0.10390625
0 0.3578125 0.4484375 0.06875 0.1421875
0 0.41484375 0.39921875 0.04375 0.0984375
0 0.434375 0.34140625 0.03984375 0.0765625
0 0.465625 0.23515625 0.04765625 0.0875
0 0.590625 0.2921875 0.03671875 0.0765625
0 0.57265625 0.33046875 0.03671875 0.06015625
0 0.56328125 0.38515625 0.04765625 0.0875
0 0.64765625 0.36640625 0.0328125 0.07109375
0 0.61796875 0.45390625 0.06171875 0.1203125
0 0.7109375 0.39921875 0.04375 0.09296875
0 0.75234375 0.47578125 0.090625 0.14765625
0 0.70546875 0.6828125 0.15625 0.23515625
0 0.9671875 0.6421875 0.065625 0.284375