0 0.06328125 0.42578125 0.1265625 0.2015625
0 0.2328125 0.4671875 0.10546875 0.20234375
0 0.2671875 0.30859375 0.0796875 0.13671875
0 0.35078125 0.2515625 0.04375 0.0875
0 0.4125 0.30625 0.05078125 0.12578125
0 0.4421875 0.22109375 0.0328125 0.0765625
0 0.478125 0.2734375 0.04375 0.09296875
0 0.5109375 0.22109375 0.0328125 0.065625
0 0.95625 0.7734375 0.0875 0.3390625
0 0.765625 0.51328125 0.109375 0.240625
0 0.9234375 0.48125 0.11640625 0.21875
0 0.82890625 0.35546875 0.07265625 0.14765625
0 0.69609375 0.303125 0.065625 0.14765625
0 0.7671875 0.28671875 0.0546875 0.11484375
0 0.65078125 0.2921875 0.04765625 0.109375