0 0.12265625 0.73828125 0.1453125 0.2640625
0 0.41953125 0.546875 0.13046875 0.2328125
0 0.153125 0.40390625 0.11875 0.1609375
0 0.3828125 0.35234375 0.103125 0.165625
0 0.396875 0.24609375 0.084375 0.11953125
0 0.2375 0.21796875 0.0609375 0.08828125
0 0.3734375 0.196875 0.05 0.1140625
0 0.43515625 0.153125 0.04609375 0.09296875
0 0.51953125 0.13984375 0.04609375 0.0671875
0 0.52109375 0.19921875 0.05 0.09296875
0 0.6171875 0.12421875 0.04609375 0.0984375
0 0.68203125 0.1453125 0.0609375 0.1140625
0 0.61328125 0.25625 0.05390625 0.1296875
0 0.75859375 0.2359375 0.07265625 0.1296875
0 0.678125 0.33671875 0.103125 0.18671875
0 0.871875 0.34453125 0.08046875 0.18125