0 0.19765625 0.7609375 0.30859375 0.34453125
0 0.13984375 0.4140625 0.15390625 0.25
0 0.20390625 0.31953125 0.11640625 0.20546875
0 0.3875 0.35 0.1 0.16640625
0 0.29765625 0.296875 0.12890625 0.14453125
0 0.325 0.2390625 0.075 0.11640625
0 0.34609375 0.175 0.05859375 0.08359375
0 0.37734375 0.19140625 0.06640625 0.05
0 0.39375 0.16640625 0.07890625 0.0390625
0 0.90625 0.64453125 0.1875 0.30546875
0 0.71484375 0.4359375 0.13359375 0.19453125
0 0.825 0.39140625 0.1 0.2
0 0.60625 0.36953125 0.1 0.178125
0 0.76640625 0.33046875 0.0875 0.11640625
0 0.64375 0.29453125 0.0875 0.121875
0 0.67109375 0.24140625 0.05859375 0.0609375
0 0.58359375 0.23046875 0.05390625 0.0609375
0 0.54375 0.20546875 0.05390625 0.0609375
0 0.59140625 0.196875 0.0625 0.04453125
0 0.54765625 0.171875 0.05 0.05