0 0.403125 0.59296875 0.1921875 0.67734375
0 0.38125 0.5640625 0.0796875 0.2078125
0 0.321875 0.503125 0.0859375 0.23671875
0 0.54921875 0.61328125 0.16015625 0.5875
0 0.58203125 0.5046875 0.0640625 0.2109375
0 0.634375 0.62421875 0.09765625 0.3578125
0 0.73671875 0.61484375 0.14375 0.4375
0 0.71171875 0.60703125 0.09609375 0.12421875
0 0.78515625 0.45234375 0.1203125 0.32265625
0 0.7390625 0.703125 0.10625 0.10859375
0 0.7703125 0.7734375 0.14765625 0.17578125
0 0.784375 0.8703125 0.23828125 0.16953125
0 0.5796875 0.90234375 0.21015625 0.19453125
0 0.81875 0.94375 0.2 0.11171875
0 0.23984375 0.6296875 0.15 0.715625
0 0.178125 0.5109375 0.171875 0.45703125
0 0.02734375 0.58125 0.05390625 0.66796875
0 0.15703125 0.3546875 0.08203125 0.09296875