0 0.30625 0.33046875 0.04375 0.0609375
0 0.25546875 0.33046875 0.06640625 0.078125
0 0.38125 0.3 0.06171875 0.08359375
0 0.4890625 0.33046875 0.08359375 0.24453125
0 0.590625 0.28046875 0.0703125 0.128125
0 0.28203125 0.371875 0.06640625 0.071875
0 0.33515625 0.35546875 0.06171875 0.05
0 0.5328125 0.375 0.05703125 0.071875
0 0.640625 0.346875 0.08359375 0.08359375
0 0.61015625 0.40859375 0.05703125 0.071875
0 0.17421875 0.3859375 0.06640625 0.06640625
0 0.359375 0.40546875 0.06640625 0.071875
0 0.08125 0.43046875 0.08359375 0.10546875
0 0.23359375 0.50859375 0.1890625 0.2890625
0 0.38125 0.53359375 0.140625 0.25546875
0 0.70703125 0.40546875 0.0921875 0.10546875
0 0.53515625 0.63359375 0.171875 0.321875
0 0.725 0.51640625 0.1984375 0.19453125
0 0.9359375 0.503125 0.11484375 0.15
0 0.78828125 0.71953125 0.30859375 0.41640625
0 0.33515625 0.74140625 0.2375 0.378125
0 0.0859375 0.728125 0.16328125 0.4109375
0 0.07734375 0.4640625 0.15390625 0.21640625