0 0.51015625 0.18046875 0.028125 0.05859375
0 0.471875 0.18359375 0.04765625 0.05859375
0 0.4140625 0.178125 0.05625 0.07421875
0 0.37421875 0.19453125 0.05234375 0.04765625
0 0.5421875 0.17578125 0.04765625 0.08515625
0 0.60390625 0.18359375 0.0359375 0.07421875
0 0.5703125 0.23671875 0.0359375 0.08515625
0 0.621875 0.22109375 0.05625 0.0640625
0 0.35 0.23671875 0.05625 0.0796875
0 0.30390625 0.22109375 0.05234375 0.0640625
0 0.45 0.28203125 0.0640625 0.08515625
0 0.478125 0.27109375 0.0796875 0.04765625
0 0.6578125 0.23671875 0.08828125 0.053125
0 0.69609375 0.25234375 0.084375 0.053125
0 0.59375 0.284375 0.08828125 0.09609375
0 0.70625 0.2953125 0.11171875 0.07421875
0 0.31171875 0.2875 0.1203125 0.1328125
0 0.25234375 0.3140625 0.071875 0.12265625
0 0.428125 0.38828125 0.14375 0.3140625
0 0.74609375 0.32421875 0.1 0.10078125
0 0.6203125 0.390625 0.11171875 0.14921875
0 0.78828125 0.35625 0.08828125 0.12265625
0 0.94765625 0.446875 0.10390625 0.22890625
0 0.78203125 0.72578125 0.4359375 0.5375
0 0.1859375 0.39921875 0.13203125 0.1703125
0 0.09375 0.49765625 0.14765625 0.25546875
0 0.3359375 0.5375 0.2203125 0.2125
0 0.3296875 0.7921875 0.3796875 0.41484375
0 0.0359375 0.88046875 0.071875 0.2390625