0 0.071875 0.56953125 0.11953125 0.20234375
0 0.225 0.80546875 0.2828125 0.38828125
0 0.753125 0.74765625 0.159375 0.2765625
0 0.63515625 0.64375 0.12734375 0.1703125
0 0.85625 0.61953125 0.1078125 0.13828125
0 0.2453125 0.51875 0.0875 0.11171875
0 0.33046875 0.53203125 0.09140625 0.12734375
0 0.28671875 0.47890625 0.059375 0.090625
0 0.32265625 0.43359375 0.0640625 0.06953125
0 0.5515625 0.47109375 0.07578125 0.0796875
0 0.434375 0.52421875 0.06796875 0.2078125
0 0.40859375 0.4125 0.03984375 0.053125
0 0.54375 0.40390625 0.04375 0.053125
0 0.64765625 0.41484375 0.04765625 0.05859375