0 0.215625 0.43359375 0.05390625 0.05
0 0.18359375 0.453125 0.04375 0.03359375
0 0.1640625 0.475 0.08828125 0.0890625
0 0.26015625 0.45859375 0.0734375 0.04453125
0 0.30625 0.49140625 0.09765625 0.071875
0 0.11796875 0.53046875 0.16640625 0.1390625
0 0.3921875 0.446875 0.05390625 0.04453125
0 0.4046875 0.4640625 0.09296875 0.0390625
0 0.47578125 0.46953125 0.08359375 0.10546875
0 0.5640625 0.48359375 0.078125 0.0890625
0 0.69375 0.471875 0.09296875 0.09453125
0 0.8015625 0.5109375 0.11796875 0.128125
0 0.95546875 0.56875 0.0890625 0.234375