0 0.16328125 0.51875 0.07421875 0.08515625
0 0.13671875 0.5609375 0.078125 0.09609375
0 0.20859375 0.571875 0.05234375 0.0640625
0 0.08046875 0.6171875 0.13515625 0.1171875
0 0.271875 0.60625 0.10859375 0.196875
0 0.2609375 0.41484375 0.1171875 0.1859375
0 0.31328125 0.49453125 0.121875 0.25546875
0 0.3890625 0.515625 0.09140625 0.16484375
0 0.4546875 0.5078125 0.0390625 0.090625
0 0.55859375 0.40390625 0.1390625 0.10078125
0 0.54140625 0.6328125 0.16484375 0.41484375
0 0.621875 0.60625 0.1171875 0.45234375
0 0.72578125 0.659375 0.1828125 0.5
0 0.9125 0.6375 0.175 0.546875
0 0.11328125 0.75234375 0.15625 0.2609375
0 0.48515625 0.8109375 0.2171875 0.2390625
0 0.3328125 0.7046875 0.23515625 0.2765625
0 0.04375 0.8375 0.08671875 0.15390625