0 0.13359375 0.7796875 0.26640625 0.43125
0 0.24453125 0.60859375 0.4890625 0.7734375
0 0.26953125 0.52578125 0.4203125 0.68359375
0 0.24921875 0.4078125 0.20390625 0.3546875
0 0.28828125 0.41015625 0.16328125 0.35078125
0 0.35234375 0.44453125 0.22265625 0.44453125
0 0.4140625 0.33515625 0.0625 0.371875
0 0.5046875 0.29921875 0.04375 0.18828125
0 0.484375 0.25859375 0.040625 0.0984375
0 0.65859375 0.39296875 0.1 0.2390625
0 0.63828125 0.3265625 0.071875 0.1328125
0 0.63046875 0.303125 0.03125 0.08515625
0 0.72734375 0.4890625 0.21328125 0.39765625
0 0.73203125 0.52578125 0.25390625 0.453125
0 0.83671875 0.59609375 0.31328125 0.628125
0 0.85234375 0.79921875 0.28828125 0.39296875