0 0.109375 0.69765625 0.21875 0.4484375
0 0.14765625 0.628125 0.2953125 0.5640625
0 0.19296875 0.58359375 0.25234375 0.4484375
0 0.27578125 0.634375 0.25234375 0.50859375
0 0.3109375 0.57890625 0.15625 0.4234375
0 0.3390625 0.53203125 0.19296875 0.36328125
0 0.365625 0.4421875 0.09296875 0.20078125
0 0.45 0.425 0.103125 0.4484375
0 0.61953125 0.41640625 0.103125 0.39765625
0 0.7375 0.5234375 0.265625 0.36328125
0 0.75546875 0.5640625 0.26875 0.37578125
0 0.80546875 0.5984375 0.25546875 0.3671875
0 0.93203125 0.5703125 0.1359375 0.3375
0 0.83671875 0.70078125 0.3265625 0.4359375
0 0.6828125 0.45703125 0.08984375 0.221875
0 0.69140625 0.36328125 0.08671875 0.09375