0 0.1625 0.71328125 0.22109375 0.56484375
0 0.28828125 0.65703125 0.1484375 0.46015625
0 0.328125 0.5671875 0.08203125 0.25546875
0 0.36015625 0.51484375 0.05625 0.17578125
0 0.42734375 0.53359375 0.1015625 0.25546875
0 0.23515625 0.3953125 0.0515625 0.2046875
0 0.48125 0.48359375 0.06796875 0.3140625
0 0.73984375 0.715625 0.41640625 0.5609375
0 0.7140625 0.6859375 0.228125 0.49375
0 0.66953125 0.659375 0.2140625 0.45625
0 0.72265625 0.41875 0.0515625 0.05859375
0 0.62734375 0.52734375 0.125 0.259375
0 0.63046875 0.4328125 0.0609375 0.23046875