0 0.53671875 0.0765625 0.0359375 0.10234375
0 0.5984375 0.08671875 0.04375 0.08828125
0 0.65078125 0.06796875 0.0328125 0.10234375
0 0.68203125 0.11953125 0.0265625 0.159375
0 0.4328125 0.15625 0.028125 0.11953125
0 0.51015625 0.17578125 0.0421875 0.06796875
0 0.4875 0.09765625 0.04375 0.10546875
0 0.5625 0.1578125 0.025 0.065625
0 0.55625 0.25 0.046875 0.1421875
0 0.63125 0.24296875 0.040625 0.26953125
0 0.68359375 0.23125 0.0515625 0.08828125
0 0.7953125 0.2625 0.059375 0.2015625
0 0.79140625 0.50859375 0.1421875 0.340625
0 0.32578125 0.24453125 0.1296875 0.25
0 0.4671875 0.26953125 0.14375 0.159375
0 0.2171875 0.38203125 0.096875 0.25859375
0 0.52578125 0.640625 0.1265625 0.65078125
0 0.10625 0.69453125 0.190625 0.58828125
0 0.85625 0.8 0.1375 0.33203125