0 0.1046875 0.64375 0.209375 0.5796875
0 0.228125 0.34765625 0.134375 0.26953125
0 0.534375 0.68046875 0.121875 0.6390625
0 0.32109375 0.28671875 0.1421875 0.2984375
0 0.46484375 0.28515625 0.140625 0.29296875
0 0.78515625 0.49140625 0.1359375 0.30078125
0 0.7953125 0.3 0.05625 0.246875
0 0.75 0.27421875 0.0453125 0.15078125
0 0.68203125 0.24609375 0.0515625 0.1078125
0 0.42578125 0.140625 0.04375 0.0796875
0 0.54140625 0.21015625 0.034375 0.184375
0 0.49453125 0.096875 0.0515625 0.153125
0 0.5390625 0.065625 0.040625 0.11640625
0 0.65078125 0.078125 0.0390625 0.08515625
0 0.67578125 0.08359375 0.025 0.090625
0 0.85703125 0.8140625 0.140625 0.340625