0 0.5390625 0.0640625 0.01875 0.08203125
0 0.47421875 0.0921875 0.034375 0.08515625
0 0.64765625 0.06796875 0.025 0.10546875
0 0.68046875 0.08125 0.028125 0.096875
0 0.50859375 0.11953125 0.034375 0.06796875
0 0.55546875 0.159375 0.0390625 0.065625
0 0.51328125 0.17578125 0.0265625 0.06796875
0 0.59765625 0.24296875 0.0640625 0.371875
0 0.6859375 0.14609375 0.0390625 0.0796875
0 0.67265625 0.22578125 0.0390625 0.08515625
0 0.746875 0.28984375 0.0515625 0.125
0 0.81015625 0.27421875 0.0703125 0.17578125
0 0.41953125 0.14609375 0.0390625 0.07109375
0 0.4578125 0.28515625 0.1484375 0.21328125
0 0.3203125 0.25859375 0.1328125 0.26953125
0 0.20703125 0.3875 0.134375 0.24140625
0 0.10703125 0.7140625 0.2140625 0.571875
0 0.525 0.659375 0.1578125 0.56796875
0 0.78984375 0.5125 0.1421875 0.3578125
0 0.67734375 0.2359375 0.0515625 0.09921875