0 0.66015625 0.065625 0.025 0.090625
0 0.6875 0.08671875 0.0203125 0.059375
0 0.540625 0.08359375 0.0265625 0.065625
0 0.46953125 0.10078125 0.040625 0.0765625
0 0.5171875 0.12109375 0.03125 0.05390625
0 0.51484375 0.17578125 0.040625 0.06796875
0 0.55546875 0.15625 0.028125 0.07109375
0 0.61328125 0.2625 0.05625 0.35546875
0 0.675 0.159375 0.0453125 0.09921875
0 0.68359375 0.23984375 0.0515625 0.07109375
0 0.7609375 0.30390625 0.046875 0.15625
0 0.81328125 0.25859375 0.0546875 0.2015625
0 0.42421875 0.14375 0.040625 0.08515625
0 0.31640625 0.278125 0.1390625 0.25859375
0 0.4625 0.28515625 0.1484375 0.21875
0 0.52734375 0.6234375 0.1546875 0.55078125
0 0.10859375 0.66640625 0.2109375 0.54296875
0 0.79609375 0.51953125 0.115625 0.33203125
0 0.89453125 0.7625 0.1265625 0.25546875