0 0.5359375 0.07109375 0.0375 0.05703125
0 0.64609375 0.0625 0.0359375 0.125
0 0.4515625 0.08125 0.025 0.09921875
0 0.47890625 0.10234375 0.0234375 0.05078125
0 0.55390625 0.15625 0.0265625 0.0796875
0 0.50859375 0.17578125 0.0421875 0.090625
0 0.60859375 0.13046875 0.0359375 0.11953125
0 0.68515625 0.2484375 0.0546875 0.09921875
0 0.434375 0.159375 0.040625 0.0625
0 0.45625 0.26015625 0.128125 0.184375
0 0.325 0.246875 0.11875 0.22734375
0 0.79296875 0.265625 0.0578125 0.16796875
0 0.74921875 0.2953125 0.0328125 0.11953125
0 0.784375 0.51953125 0.1375 0.31796875
0 0.2296875 0.371875 0.1 0.221875
0 0.53515625 0.67421875 0.1546875 0.6515625
0 0.1046875 0.7171875 0.19375 0.565625
0 0.8734375 0.79296875 0.2125 0.1875
0 0.53984375 0.22734375 0.0359375 0.096875