0 0.090625 0.67578125 0.1359375 0.625
0 0.2171875 0.36484375 0.0859375 0.34921875
0 0.32578125 0.234375 0.0921875 0.38359375
0 0.459375 0.26171875 0.0890625 0.184375
0 0.4890625 0.6234375 0.1578125 0.6109375
0 0.5265625 0.22578125 0.0578125 0.16171875
0 0.48984375 0.16015625 0.0453125 0.08828125
0 0.428125 0.15234375 0.046875 0.07109375
0 0.484375 0.075 0.05625 0.1390625
0 0.55859375 0.1734375 0.0375 0.08203125
0 0.8015625 0.51953125 0.078125 0.3890625
0 0.80234375 0.28515625 0.065625 0.23046875
0 0.76171875 0.3 0.0671875 0.125
0 0.68046875 0.234375 0.0484375 0.1078125
0 0.64765625 0.253125 0.1046875 0.25859375
0 0.696875 0.19140625 0.04375 0.0765625
0 0.6453125 0.08359375 0.04375 0.121875
0 0.68046875 0.09921875 0.0546875 0.09921875
0 0.54921875 0.07265625 0.0390625 0.08203125