0 0.54140625 0.065625 0.0265625 0.07421875
0 0.65859375 0.05 0.0421875 0.08828125
0 0.48984375 0.096875 0.0453125 0.1421875
0 0.43203125 0.16328125 0.0390625 0.0765625
0 0.609375 0.10234375 0.03125 0.096875
0 0.68515625 0.22890625 0.0484375 0.11640625
0 0.64296875 0.121875 0.0328125 0.125
0 0.7515625 0.30234375 0.040625 0.13359375
0 0.80625 0.26953125 0.053125 0.159375
0 0.7921875 0.48125 0.11875 0.2640625
0 0.52265625 0.17578125 0.0171875 0.06796875
0 0.5375 0.22578125 0.034375 0.1109375
0 0.31640625 0.27109375 0.1421875 0.25859375
0 0.45234375 0.25390625 0.1171875 0.2015625
0 0.52109375 0.64453125 0.1328125 0.6078125
0 0.1015625 0.71171875 0.19375 0.565625
0 0.86328125 0.77578125 0.2171875 0.19921875