0 0.10390625 0.66796875 0.1984375 0.6390625
0 0.23515625 0.36640625 0.1171875 0.278125
0 0.5140625 0.665625 0.1625 0.66875
0 0.31953125 0.27109375 0.11875 0.246875
0 0.4625 0.28671875 0.146875 0.19609375
0 0.81640625 0.5171875 0.071875 0.36640625
0 0.42578125 0.16015625 0.0546875 0.11328125
0 0.51015625 0.16796875 0.025 0.06796875
0 0.5375 0.22734375 0.0671875 0.128125
0 0.68203125 0.2359375 0.0453125 0.0796875
0 0.8015625 0.28828125 0.0609375 0.17890625
0 0.75859375 0.2828125 0.0375 0.090625
0 0.61796875 0.22421875 0.0703125 0.2953125
0 0.47578125 0.1125 0.0375 0.121875
0 0.53515625 0.0796875 0.0375 0.09921875
0 0.64375 0.059375 0.065625 0.11328125
0 0.68203125 0.1234375 0.0421875 0.17578125
0 0.8765625 0.83359375 0.19375 0.33203125