0 0.1109375 0.70546875 0.178125 0.5890625
0 0.48984375 0.0796875 0.0484375 0.1421875
0 0.53828125 0.06953125 0.0328125 0.09921875
0 0.653125 0.05078125 0.03125 0.0796875
0 0.6875 0.08671875 0.021875 0.09375
0 0.60625 0.20625 0.0375 0.309375
0 0.65234375 0.1265625 0.0359375 0.07109375
0 0.5171875 0.171875 0.028125 0.0765625
0 0.42265625 0.14609375 0.0234375 0.059375
0 0.56953125 0.16875 0.0421875 0.065625
0 0.546875 0.2359375 0.028125 0.10234375
0 0.459375 0.28984375 0.128125 0.153125
0 0.31953125 0.278125 0.1265625 0.23828125
0 0.22734375 0.36796875 0.0921875 0.25859375
0 0.5484375 0.64765625 0.1375 0.596875
0 0.68125 0.2328125 0.04375 0.08515625
0 0.7609375 0.28984375 0.05 0.13671875
0 0.8140625 0.27265625 0.065625 0.1875
0 0.81171875 0.5140625 0.1046875 0.38671875
0 0.865625 0.79375 0.18125 0.23046875