0 0.134375 0.70703125 0.165625 0.54296875
0 0.19140625 0.3890625 0.1296875 0.3265625
0 0.30859375 0.2671875 0.1015625 0.21328125
0 0.48671875 0.6234375 0.228125 0.55078125
0 0.45078125 0.2984375 0.140625 0.24140625
0 0.4234375 0.14453125 0.0703125 0.08828125
0 0.48515625 0.0953125 0.0859375 0.11328125
0 0.4828125 0.15234375 0.0546875 0.09921875
0 0.56640625 0.15234375 0.09375 0.11328125
0 0.52734375 0.2203125 0.084375 0.1078125
0 0.79453125 0.63203125 0.0859375 0.60546875
0 0.83359375 0.80625 0.1109375 0.3875
0 0.7875 0.2953125 0.053125 0.2359375
0 0.7625 0.2984375 0.0484375 0.11640625
0 0.6859375 0.2203125 0.0484375 0.1078125
0 0.65 0.16484375 0.08125 0.16484375
0 0.69140625 0.17734375 0.0390625 0.0625
0 0.5359375 0.07265625 0.05 0.06796875
0 0.64375 0.08359375 0.0515625 0.14765625