0 0.540625 0.07265625 0.0375 0.08203125
0 0.65078125 0.06640625 0.0359375 0.1109375
0 0.61640625 0.22265625 0.0328125 0.32109375
0 0.67890625 0.090625 0.0296875 0.0796875
0 0.6859375 0.23984375 0.028125 0.09921875
0 0.8046875 0.27265625 0.053125 0.17578125
0 0.759375 0.2828125 0.025 0.08203125
0 0.41796875 0.14453125 0.0421875 0.0796875
0 0.51015625 0.171875 0.0265625 0.08828125
0 0.48046875 0.08984375 0.0453125 0.1390625
0 0.321875 0.26875 0.13125 0.22421875
0 0.45078125 0.25390625 0.1421875 0.246875
0 0.54921875 0.2328125 0.0390625 0.153125
0 0.77734375 0.5125 0.1234375 0.33828125
0 0.521875 0.63046875 0.1125 0.63046875