0 0.54453125 0.07109375 0.0484375 0.0625
0 0.6484375 0.05859375 0.04375 0.11640625
0 0.60234375 0.2171875 0.0390625 0.28125
0 0.640625 0.15625 0.04375 0.13671875
0 0.46640625 0.10234375 0.0296875 0.1703125
0 0.43125 0.17890625 0.040625 0.0796875
0 0.471875 0.2640625 0.078125 0.14765625
0 0.3140625 0.25703125 0.075 0.19609375
0 0.2375 0.3890625 0.1 0.2328125
0 0.525 0.6421875 0.13125 0.590625
0 0.109375 0.68046875 0.175 0.50859375
0 0.88046875 0.79140625 0.2390625 0.23046875
0 0.7859375 0.48828125 0.11875 0.35234375
0 0.68203125 0.22734375 0.0578125 0.13671875
0 0.7625 0.26015625 0.046875 0.16171875
0 0.809375 0.246875 0.05625 0.221875