0 0.53671875 0.075 0.0265625 0.08203125
0 0.653125 0.05078125 0.03125 0.0796875
0 0.68125 0.09375 0.021875 0.096875
0 0.60859375 0.221875 0.0484375 0.2671875
0 0.484375 0.096875 0.0375 0.11953125
0 0.68125 0.234375 0.053125 0.14453125
0 0.7546875 0.28828125 0.046875 0.13359375
0 0.81328125 0.26875 0.0546875 0.16171875
0 0.78359375 0.5140625 0.1234375 0.31796875
0 0.42578125 0.15078125 0.0265625 0.06796875
0 0.5203125 0.18203125 0.034375 0.05703125
0 0.56015625 0.16640625 0.0234375 0.059375
0 0.5453125 0.2328125 0.034375 0.11328125
0 0.46171875 0.28984375 0.1296875 0.16484375
0 0.3203125 0.284375 0.128125 0.26171875
0 0.22265625 0.38359375 0.0671875 0.26171875
0 0.54453125 0.64375 0.1328125 0.621875
0 0.1171875 0.6890625 0.184375 0.55390625
0 0.87421875 0.7984375 0.1828125 0.19296875