0 0.1171875 0.67421875 0.153125 0.6515625
0 0.1984375 0.3875 0.1171875 0.22734375
0 0.31171875 0.30390625 0.178125 0.28125
0 0.4484375 0.278125 0.1515625 0.2953125
0 0.4171875 0.15234375 0.0359375 0.09921875
0 0.48046875 0.08984375 0.0390625 0.05390625
0 0.50546875 0.11328125 0.03125 0.05078125
0 0.5421875 0.08359375 0.046875 0.096875
0 0.49609375 0.16640625 0.0515625 0.065625
0 0.55078125 0.16015625 0.046875 0.0625
0 0.540625 0.23125 0.0703125 0.14765625
0 0.6125 0.13046875 0.0421875 0.24453125
0 0.68828125 0.12890625 0.0578125 0.184375
0 0.63671875 0.19140625 0.059375 0.17890625
0 0.6921875 0.2015625 0.0578125 0.11953125
0 0.67734375 0.234375 0.0734375 0.090625
0 0.79375 0.309375 0.0796875 0.23828125
0 0.75859375 0.29140625 0.06875 0.11640625
0 0.58671875 0.6359375 0.2203125 0.728125
0 0.80625 0.628125 0.1328125 0.53671875