0 0.08359375 0.66796875 0.125 0.57109375
0 0.2265625 0.36640625 0.0703125 0.27265625
0 0.28671875 0.25390625 0.0828125 0.16796875
0 0.465625 0.2359375 0.0875 0.153125
0 0.4890625 0.4359375 0.1171875 0.22734375
0 0.86015625 0.840625 0.1796875 0.31796875
0 0.80390625 0.50390625 0.0625 0.284375
0 0.76328125 0.284375 0.0609375 0.19609375
0 0.6796875 0.23984375 0.046875 0.05703125
0 0.69453125 0.16640625 0.0390625 0.07421875
0 0.54453125 0.234375 0.053125 0.096875
0 0.5140625 0.16328125 0.03125 0.07109375
0 0.55 0.15234375 0.03125 0.03671875
0 0.41953125 0.1578125 0.05 0.08203125
0 0.4625 0.0953125 0.0265625 0.11953125
0 0.48046875 0.08203125 0.0296875 0.0453125
0 0.5375 0.08359375 0.04375 0.0796875
0 0.628125 0.03671875 0.0234375 0.05390625
0 0.67890625 0.07109375 0.028125 0.04296875
0 0.64765625 0.15234375 0.065625 0.11953125