0 0.10546875 0.6875 0.2109375 0.625
0 0.22265625 0.39609375 0.0859375 0.36953125
0 0.3203125 0.30390625 0.140625 0.33828125
0 0.4578125 0.28828125 0.1296875 0.29296875
0 0.51015625 0.66875 0.1953125 0.64453125
0 0.80546875 0.50390625 0.1328125 0.33828125
0 0.7984375 0.296875 0.0796875 0.2984375
0 0.5453125 0.23125 0.05625 0.153125
0 0.42578125 0.16171875 0.0546875 0.10546875
0 0.5015625 0.0953125 0.06875 0.10234375
0 0.5015625 0.16875 0.0390625 0.059375
0 0.65390625 0.09765625 0.053125 0.15625
0 0.67890625 0.24609375 0.0625 0.1390625
0 0.86875 0.8390625 0.171875 0.321875
0 0.76015625 0.26015625 0.03125 0.128125