0 0.134375 0.68984375 0.215625 0.6203125
0 0.19921875 0.40078125 0.103125 0.27265625
0 0.30859375 0.27578125 0.1359375 0.2984375
0 0.4625 0.26171875 0.1328125 0.20703125
0 0.53359375 0.2046875 0.0703125 0.14453125
0 0.48671875 0.153125 0.0328125 0.05390625
0 0.54765625 0.14921875 0.0296875 0.07421875
0 0.4203125 0.14921875 0.034375 0.05703125
0 0.48359375 0.08828125 0.0390625 0.06796875
0 0.5078125 0.10390625 0.0390625 0.05078125
0 0.54609375 0.07421875 0.0390625 0.07421875
0 0.6203125 0.1265625 0.0359375 0.21328125
0 0.6921875 0.125 0.071875 0.16796875
0 0.6625 0.14765625 0.0859375 0.1078125
0 0.69609375 0.20703125 0.03125 0.04296875
0 0.68046875 0.24453125 0.0515625 0.090625
0 0.753125 0.284375 0.0390625 0.06796875
0 0.7984375 0.26953125 0.059375 0.21875
0 0.60859375 0.61875 0.1171875 0.7625
0 0.7890625 0.50703125 0.0890625 0.45703125
0 0.915625 0.89453125 0.0921875 0.21015625