0 0.078125 0.6234375 0.15 0.41484375
0 0.2109375 0.35625 0.0953125 0.253125
0 0.30703125 0.27421875 0.1140625 0.315625
0 0.4734375 0.45 0.1578125 0.28671875
0 0.49921875 0.2640625 0.08125 0.14765625
0 0.5640625 0.14921875 0.0796875 0.0796875
0 0.50859375 0.16640625 0.0375 0.04296875
0 0.43359375 0.15078125 0.0703125 0.07109375
0 0.49609375 0.06953125 0.025 0.06796875
0 0.4890625 0.10625 0.08125 0.0765625
0 0.5421875 0.0640625 0.0328125 0.0796875
0 0.63984375 0.07109375 0.0671875 0.0796875
0 0.68671875 0.08515625 0.046875 0.07109375
0 0.6140625 0.278125 0.0265625 0.39765625
0 0.68359375 0.11640625 0.0390625 0.08203125
0 0.67421875 0.234375 0.046875 0.08828125
0 0.76171875 0.26875 0.0859375 0.16484375
0 0.79921875 0.39921875 0.0640625 0.13671875
0 0.878125 0.78515625 0.24375 0.42890625