0 0.5375 0.06953125 0.034375 0.09375
0 0.65 0.05 0.034375 0.08203125
0 0.678125 0.1078125 0.034375 0.1078125
0 0.4828125 0.0953125 0.059375 0.1109375
0 0.55703125 0.16171875 0.0390625 0.0796875
0 0.51171875 0.1734375 0.0390625 0.05703125
0 0.684375 0.2359375 0.028125 0.07421875
0 0.65625 0.16875 0.034375 0.09921875
0 0.74765625 0.2796875 0.0484375 0.09375
0 0.80703125 0.26875 0.0671875 0.17890625
0 0.78515625 0.48828125 0.1234375 0.27265625
0 0.5359375 0.63515625 0.125 0.59375
0 0.09765625 0.6890625 0.1859375 0.53125
0 0.2140625 0.3734375 0.084375 0.309375
0 0.3265625 0.27421875 0.13125 0.2640625
0 0.4578125 0.2640625 0.115625 0.18203125
0 0.41953125 0.12890625 0.0265625 0.11640625