0 0.075 0.66484375 0.128125 0.4375
0 0.20859375 0.328125 0.065625 0.2015625
0 0.30390625 0.25703125 0.0703125 0.1734375
0 0.5015625 0.52109375 0.121875 0.340625
0 0.503125 0.2484375 0.0796875 0.1734375
0 0.56328125 0.17890625 0.05 0.14765625
0 0.43203125 0.14765625 0.028125 0.05703125
0 0.51328125 0.16484375 0.04375 0.0765625
0 0.5015625 0.09765625 0.0546875 0.11328125
0 0.47890625 0.090625 0.0546875 0.05078125
0 0.53828125 0.06640625 0.0171875 0.04296875
0 0.640625 0.05546875 0.065625 0.1109375
0 0.63359375 0.17734375 0.0875 0.15078125
0 0.6828125 0.0921875 0.053125 0.08828125
0 0.69296875 0.16875 0.065625 0.07109375
0 0.68046875 0.23984375 0.0703125 0.08828125
0 0.77109375 0.25703125 0.0796875 0.22421875
0 0.790625 0.5015625 0.0671875 0.38671875
0 0.86171875 0.80390625 0.1953125 0.3921875