0 0.6546875 0.05078125 0.04375 0.1015625
0 0.5421875 0.07265625 0.03125 0.05390625
0 0.478125 0.09765625 0.025 0.10546875
0 0.51796875 0.096875 0.0453125 0.090625
0 0.61484375 0.1546875 0.0515625 0.190625
0 0.66015625 0.13046875 0.0390625 0.11328125
0 0.68359375 0.23984375 0.0359375 0.08203125
0 0.75703125 0.296875 0.0546875 0.09921875
0 0.8078125 0.27265625 0.075 0.17578125
0 0.7921875 0.47890625 0.128125 0.30390625
0 0.41796875 0.14453125 0.0265625 0.0796875
0 0.53515625 0.21171875 0.0359375 0.1109375
0 0.4625 0.27109375 0.09375 0.16171875
0 0.321875 0.27734375 0.125 0.25859375
0 0.21796875 0.378125 0.0890625 0.25546875
0 0.52578125 0.62109375 0.1453125 0.559375
0 0.09609375 0.703125 0.1703125 0.55390625
0 0.884375 0.77578125 0.15625 0.25546875