0 0.09375 0.684375 0.1765625 0.57421875
0 0.19921875 0.31796875 0.1375 0.284375
0 0.30859375 0.25546875 0.096875 0.17578125
0 0.509375 0.578125 0.1375 0.440625
0 0.47890625 0.23984375 0.1046875 0.17578125
0 0.56640625 0.1859375 0.065625 0.159375
0 0.43125 0.153125 0.046875 0.07109375
0 0.51171875 0.17578125 0.046875 0.07109375
0 0.5078125 0.10234375 0.0234375 0.034375
0 0.47421875 0.08125 0.0234375 0.034375
0 0.5328125 0.06953125 0.03125 0.04296875
0 0.63359375 0.06640625 0.0484375 0.09921875
0 0.68359375 0.096875 0.0453125 0.13046875
0 0.61484375 0.203125 0.0390625 0.21328125
0 0.70625 0.171875 0.0453125 0.09921875
0 0.67890625 0.2515625 0.065625 0.059375
0 0.76171875 0.27109375 0.040625 0.07109375
0 0.784375 0.29140625 0.0390625 0.1734375
0 0.80234375 0.5328125 0.059375 0.38359375
0 0.87109375 0.80625 0.1265625 0.3875