0 0.084375 0.63046875 0.1515625 0.4234375
0 0.2125 0.3765625 0.1015625 0.25859375
0 0.31328125 0.2625 0.0953125 0.2015625
0 0.49296875 0.50390625 0.125 0.3125
0 0.459375 0.26953125 0.0703125 0.15625
0 0.440625 0.153125 0.0546875 0.059375
0 0.54765625 0.22890625 0.05 0.07421875
0 0.5078125 0.17734375 0.040625 0.096875
0 0.55078125 0.14375 0.03125 0.04296875
0 0.50390625 0.08515625 0.0515625 0.06796875
0 0.47734375 0.096875 0.0625 0.10546875
0 0.54296875 0.0640625 0.0453125 0.0796875
0 0.615625 0.13515625 0.084375 0.08515625
0 0.6515625 0.078125 0.040625 0.09921875
0 0.68203125 0.09921875 0.0421875 0.128125
0 0.68125 0.23046875 0.053125 0.11953125
0 0.75390625 0.28828125 0.0390625 0.09921875
0 0.8 0.2625 0.0703125 0.2015625
0 0.79453125 0.43359375 0.109375 0.21015625
0 0.89296875 0.74296875 0.103125 0.44609375