0 0.11015625 0.67578125 0.2 0.61953125
0 0.178125 0.3734375 0.115625 0.2359375
0 0.29140625 0.246875 0.11875 0.3125
0 0.4515625 0.234375 0.096875 0.15625
0 0.51484375 0.60546875 0.1640625 0.67890625
0 0.803125 0.48984375 0.084375 0.35546875
0 0.78984375 0.30546875 0.0546875 0.26953125
0 0.7546875 0.29140625 0.0546875 0.09921875
0 0.68046875 0.2375 0.0453125 0.05703125
0 0.6875 0.19921875 0.034375 0.05078125
0 0.54453125 0.215625 0.053125 0.10546875
0 0.4265625 0.1546875 0.0390625 0.08828125
0 0.48828125 0.1578125 0.0390625 0.05703125
0 0.54921875 0.15078125 0.0265625 0.028125
0 0.49375 0.0921875 0.0390625 0.07421875
0 0.54921875 0.08515625 0.053125 0.09921875
0 0.65 0.059375 0.046875 0.11328125
0 0.63671875 0.2015625 0.0609375 0.221875
0 0.6828125 0.11953125 0.053125 0.1703125