0 0.109375 0.715625 0.190625 0.56796875
0 0.23125 0.39453125 0.1140625 0.26953125
0 0.4515625 0.46328125 0.1421875 0.25546875
0 0.31640625 0.27265625 0.1359375 0.2359375
0 0.46484375 0.27109375 0.103125 0.19609375
0 0.78515625 0.51015625 0.1328125 0.30703125
0 0.81015625 0.2671875 0.040625 0.1734375
0 0.75625 0.28984375 0.053125 0.1390625
0 0.678125 0.24609375 0.0609375 0.10234375
0 0.64453125 0.16875 0.0421875 0.16171875
0 0.659375 0.05703125 0.0234375 0.09921875
0 0.68359375 0.11328125 0.0234375 0.15078125
0 0.42890625 0.14453125 0.034375 0.09921875
0 0.49765625 0.15234375 0.04375 0.09921875
0 0.5578125 0.14375 0.0578125 0.08515625
0 0.54765625 0.2375 0.04375 0.1390625
0 0.496875 0.078125 0.0390625 0.08515625
0 0.5421875 0.07265625 0.0328125 0.1078125
0 0.87109375 0.80625 0.1984375 0.3875