0 0.54140625 0.05859375 0.0328125 0.065625
0 0.64375 0.03984375 0.040625 0.07421875
0 0.59609375 0.096875 0.0296875 0.05078125
0 0.6828125 0.1125 0.034375 0.128125
0 0.62890625 0.14375 0.0390625 0.13359375
0 0.4609375 0.1078125 0.025 0.14765625
0 0.48359375 0.10625 0.0359375 0.09375
0 0.4390625 0.16484375 0.03125 0.08515625
0 0.5125 0.175 0.028125 0.059375
0 0.53828125 0.22734375 0.0328125 0.1078125
0 0.31953125 0.2640625 0.1390625 0.221875
0 0.4578125 0.28515625 0.115625 0.184375
0 0.6828125 0.215625 0.0375 0.090625
0 0.7484375 0.28125 0.046875 0.08515625
0 0.80703125 0.25859375 0.0546875 0.13046875
0 0.784375 0.51015625 0.109375 0.315625
0 0.53515625 0.665625 0.1578125 0.66875
0 0.22265625 0.3734375 0.1078125 0.184375
0 0.11015625 0.69140625 0.2203125 0.61640625
0 0.88984375 0.75390625 0.1390625 0.26953125