0 0.0390625 0.55859375 0.07734375 0.290625
0 0.1578125 0.446875 0.06328125 0.1640625
0 0.2453125 0.68203125 0.1484375 0.3390625
0 0.321875 0.45859375 0.06640625 0.1640625
0 0.2546875 0.35390625 0.0515625 0.11640625
0 0.3625 0.35078125 0.05859375 0.13046875
0 0.43984375 0.3984375 0.06015625 0.1390625
0 0.3171875 0.2765625 0.046875 0.109375
0 0.384375 0.2625 0.03984375 0.10390625
0 0.65625 0.56796875 0.07734375 0.16640625
0 0.815625 0.671875 0.08671875 0.225
0 0.428125 0.23515625 0.0328125 0.08359375
0 0.471875 0.3046875 0.03671875 0.0984375
0 0.4546875 0.2125 0.02734375 0.06953125
0 0.5 0.18515625 0.025 0.05546875
0 0.50625 0.275 0.0328125 0.084375
0 0.6125 0.21484375 0.0265625 0.06640625
0 0.64921875 0.28671875 0.0328125 0.07890625
0 0.665625 0.378125 0.0515625 0.071875
0 0.75234375 0.390625 0.05078125 0.078125
0 0.7703125 0.48515625 0.0671875 0.134375