0 0.08125 0.6203125 0.08359375 0.2140625
0 0.2375 0.64140625 0.07265625 0.2125
0 0.34921875 0.49140625 0.08125 0.20859375
0 0.24453125 0.4671875 0.059375 0.153125
0 0.1421875 0.4375 0.06328125 0.15
0 0.2703125 0.3859375 0.0515625 0.134375
0 0.421875 0.3703125 0.0578125 0.146875
0 0.32265625 0.303125 0.040625 0.103125
0 0.6046875 0.5828125 0.090625 0.23359375
0 0.784375 0.64765625 0.07109375 0.225
0 0.76015625 0.5046875 0.06953125 0.121875
0 0.6203125 0.38515625 0.065625 0.1390625
0 0.75234375 0.39296875 0.06015625 0.12109375
0 0.3828125 0.26796875 0.03125 0.0765625
0 0.43125 0.234375 0.02421875 0.06953125
0 0.50390625 0.19609375 0.01796875 0.053125
0 0.53046875 0.2125 0.01875 0.0484375
0 0.640625 0.1515625 0.02578125 0.05859375
0 0.6578125 0.24140625 0.03046875 0.0515625
0 0.6609375 0.2890625 0.0421875 0.06953125