0 0.0890625 0.6359375 0.078125 0.19296875
0 0.13984375 0.4140625 0.05546875 0.15703125
0 0.246875 0.4625 0.05546875 0.159375
0 0.38125 0.4015625 0.03984375 0.1140625
0 0.315625 0.3015625 0.046875 0.10859375
0 0.36953125 0.28828125 0.03984375 0.096875
0 0.44375 0.31796875 0.046875 0.09609375
0 0.428125 0.23828125 0.0296875 0.06953125
0 0.46015625 0.2296875 0.02265625 0.06953125
0 0.503125 0.2796875 0.0328125 0.078125
0 0.53046875 0.178125 0.02265625 0.065625
0 0.621875 0.5984375 0.09453125 0.240625
0 0.790625 0.6171875 0.0765625 0.209375
0 0.7734375 0.48203125 0.0625 0.1359375
0 0.64609375 0.3703125 0.05546875 0.1359375
0 0.7390625 0.403125 0.04375 0.0984375
0 0.675 0.3171875 0.040625 0.09140625
0 0.73125 0.346875 0.0390625 0.078125
0 0.74375 0.3046875 0.03671875 0.0625
0 0.6125 0.19453125 0.034375 0.0875
0 0.5921875 0.19765625 0.02265625 0.0890625
0 0.6359375 0.13671875 0.03671875 0.071875