0 0.16328125 0.7109375 0.09765625 0.2015625
0 0.1265625 0.42578125 0.0546875 0.11640625
0 0.1828125 0.50078125 0.08359375 0.159375
0 0.23671875 0.35234375 0.05546875 0.1140625
0 0.3375 0.3953125 0.1 0.246875
0 0.31796875 0.28984375 0.0390625 0.07109375
0 0.38125 0.253125 0.03828125 0.103125
0 0.446875 0.440625 0.0640625 0.14609375
0 0.49921875 0.3375 0.04609375 0.10703125
0 0.55546875 0.3265625 0.03828125 0.10390625
0 0.45 0.26875 0.040625 0.09609375
0 0.6171875 0.19609375 0.0328125 0.0640625
0 0.6671875 0.21015625 0.03203125 0.04609375
0 0.6625 0.25703125 0.03828125 0.0625
0 0.63671875 0.378125 0.04921875 0.11796875
0 0.64375 0.31796875 0.03203125 0.0765625
0 0.74375 0.32265625 0.04609375 0.07109375
0 0.78125 0.509375 0.053125 0.12890625
0 0.7453125 0.38984375 0.04453125 0.0984375
0 0.61328125 0.46875 0.06484375 0.13359375
0 0.80234375 0.665625 0.06875 0.19296875
0 0.6328125 0.575 0.084375 0.19609375
0 0.8125 0.925 0.10625 0.15