0 0.48515625 0.721875 0.14453125 0.3125
0 0.9671875 0.5875 0.06484375 0.25
0 0.74921875 0.44609375 0.08515625 0.19296875
0 0.54921875 0.35390625 0.06640625 0.15
0 0.64453125 0.35703125 0.05703125 0.1375
0 0.21640625 0.3640625 0.053125 0.15703125
0 0.2609375 0.26796875 0.0515625 0.1
0 0.478125 0.146875 0.0546875 0.11953125
0 0.565625 0.25390625 0.05234375 0.10546875
0 0.3515625 0.08046875 0.05 0.10703125
0 0.240625 0.165625 0.0453125 0.078125
0 0.265625 0.26640625 0.05546875 0.0859375
0 0.225 0.2078125 0.0453125 0.06796875