0 0.0546875 0.60390625 0.08515625 0.19453125
0 0.1375 0.44609375 0.0609375 0.1484375
0 0.2515625 0.4625 0.06171875 0.159375
0 0.35546875 0.50703125 0.075 0.1890625
0 0.2578125 0.321875 0.0515625 0.121875
0 0.3484375 0.26640625 0.040625 0.11796875
0 0.4421875 0.38984375 0.0515625 0.153125
0 0.58828125 0.5515625 0.08828125 0.221875
0 0.796875 0.6625 0.07421875 0.2109375
0 0.7578125 0.48046875 0.06171875 0.15703125
0 0.61796875 0.45 0.0625 0.1515625
0 0.64296875 0.340625 0.05390625 0.121875
0 0.38671875 0.28359375 0.02578125 0.06953125
0 0.4203125 0.22890625 0.025 0.0734375
0 0.4484375 0.2734375 0.0421875 0.0734375
0 0.46171875 0.2109375 0.02421875 0.07109375
0 0.5203125 0.303125 0.03125 0.08046875
0 0.53671875 0.25546875 0.02578125 0.0640625
0 0.50625 0.184375 0.0234375 0.05703125
0 0.753125 0.33203125 0.04140625 0.07890625
0 0.75 0.3890625 0.05234375 0.0625