0 0.021875 0.5859375 0.04296875 0.2015625
0 0.1125 0.621875 0.09765625 0.19140625
0 0.2453125 0.6890625 0.08203125 0.203125
0 0.1375 0.446875 0.0671875 0.14609375
0 0.2390625 0.44609375 0.06171875 0.15546875
0 0.35234375 0.4953125 0.06875 0.1640625
0 0.265625 0.33828125 0.05 0.1140625
0 0.3578125 0.31484375 0.0484375 0.103125
0 0.4125 0.4078125 0.04453125 0.115625
0 0.38046875 0.2578125 0.03046875 0.09296875
0 0.43125 0.259375 0.03828125 0.08203125
0 0.4625 0.31953125 0.04921875 0.10390625
0 0.521875 0.290625 0.0359375 0.10703125
0 0.584375 0.20546875 0.06640625 0.1390625
0 0.6546875 0.30625 0.03984375 0.06640625
0 0.65234375 0.36796875 0.0453125 0.06796875
0 0.640625 0.44765625 0.05859375 0.115625
0 0.6578125 0.26015625 0.034375 0.05390625
0 0.74375 0.38046875 0.0421875 0.078125
0 0.7640625 0.4765625 0.05 0.13359375
0 0.6578125 0.73203125 0.17109375 0.415625
0 0.778125 0.65078125 0.0765625 0.225