0 0.1453125 0.8203125 0.153125 0.2875
0 0.425 0.6625 0.12109375 0.2890625
0 0.3015625 0.4875 0.08671875 0.209375
0 0.2578125 0.365625 0.05703125 0.15
0 0.1578125 0.228125 0.0421875 0.09609375
0 0.25234375 0.1625 0.03828125 0.121875
0 0.253125 0.25859375 0.0421875 0.0625
0 0.1796875 0.18671875 0.0265625 0.06796875
0 0.3390625 0.184375 0.034375 0.07890625
0 0.403125 0.1703125 0.02421875 0.08046875
0 0.44296875 0.2625 0.04609375 0.125
0 0.5234375 0.334375 0.0640625 0.14296875
0 0.65546875 0.33984375 0.05078125 0.13046875
0 0.68984375 0.5140625 0.08046875 0.1875
0 0.796875 0.44765625 0.08203125 0.15859375
0 0.8640625 0.6546875 0.096875 0.2359375
0 0.96328125 0.615625 0.0734375 0.215625