0 0.2234375 0.6796875 0.0828125 0.2
0 0.02734375 0.5765625 0.0546875 0.16640625
0 0.1453125 0.41484375 0.053125 0.12890625
0 0.2265625 0.4328125 0.0625 0.165625
0 0.3734375 0.4828125 0.0640625 0.1734375
0 0.2546875 0.36015625 0.0375 0.0890625
0 0.3171875 0.29609375 0.03984375 0.090625
0 0.353125 0.37578125 0.05234375 0.1109375
0 0.4546875 0.44921875 0.0640625 0.11640625
0 0.4 0.29453125 0.040625 0.0890625
0 0.384375 0.253125 0.0328125 0.08203125
0 0.45 0.2734375 0.03046875 0.08046875
0 0.52578125 0.31875 0.02734375 0.08359375
0 0.4828125 0.34453125 0.03984375 0.10859375
0 0.453125 0.1984375 0.02421875 0.0640625
0 0.5 0.215625 0.02265625 0.0625
0 0.6375 0.21015625 0.0234375 0.06796875
0 0.6734375 0.2203125 0.021875 0.040625
0 0.66796875 0.265625 0.0265625 0.0609375
0 0.65234375 0.31328125 0.0359375 0.06796875
0 0.6171875 0.365625 0.04375 0.07890625
0 0.7421875 0.321875 0.03984375 0.078125
0 0.7421875 0.3953125 0.0515625 0.0875
0 0.6140625 0.44765625 0.0546875 0.11796875
0 0.79453125 0.6125 0.0609375 0.1984375
0 0.7859375 0.50625 0.0515625 0.0984375
0 0.62578125 0.58203125 0.0875 0.19609375