0 0.1 0.64453125 0.07890625 0.2140625
0 0.78828125 0.6171875 0.0984375 0.2859375
0 0.3671875 0.39296875 0.05078125 0.1140625
0 0.325 0.29765625 0.0453125 0.10546875
0 0.37265625 0.275 0.03125 0.071875
0 0.43515625 0.23125 0.03125 0.08359375
0 0.621875 0.159375 0.03828125 0.0890625
0 0.53125 0.17578125 0.02265625 0.05390625
0 0.515625 0.225 0.0328125 0.065625
0 0.659375 0.28828125 0.0421875 0.10546875
0 0.75234375 0.40546875 0.0421875 0.1
0 0.7359375 0.34765625 0.0390625 0.0890625
0 0.45625 0.225 0.02421875 0.05859375