0 0.08203125 0.6484375 0.08515625 0.19453125
0 0.0171875 0.60234375 0.034375 0.2015625
0 0.15 0.4375 0.06875 0.15
0 0.325 0.471875 0.0609375 0.14453125
0 0.253125 0.334375 0.0515625 0.115625
0 0.35 0.284375 0.0453125 0.10390625
0 0.43828125 0.37109375 0.05703125 0.12890625
0 0.384375 0.27734375 0.02890625 0.071875
0 0.43125 0.23984375 0.02890625 0.078125
0 0.4671875 0.3015625 0.0375 0.096875
0 0.5296875 0.2578125 0.02109375 0.0625
0 0.5109375 0.196875 0.01875 0.0484375
0 0.5984375 0.1828125 0.01875 0.05
0 0.640625 0.14921875 0.03125 0.06640625
0 0.64609375 0.35078125 0.04921875 0.10390625
0 0.753125 0.334375 0.04375 0.08203125
0 0.7484375 0.48125 0.06015625 0.1359375
0 0.7546875 0.390625 0.04609375 0.071875
0 0.6421875 0.45625 0.05234375 0.146875
0 0.6015625 0.5421875 0.07734375 0.2109375
0 0.775 0.62109375 0.06640625 0.2015625