0 0.2171875 0.7015625 0.0984375 0.22890625
0 0.10625 0.57265625 0.071875 0.18203125
0 0.25 0.4609375 0.05625 0.14609375
0 0.13984375 0.46640625 0.06171875 0.1
0 0.34375 0.47109375 0.06640625 0.15859375
0 0.3203125 0.375 0.05390625 0.10546875
0 0.4375 0.40625 0.05078125 0.15
0 0.3328125 0.284375 0.04453125 0.10859375
0 0.3734375 0.278125 0.0390625 0.09453125
0 0.48125 0.31796875 0.04140625 0.1125
0 0.58984375 0.16328125 0.03671875 0.084375
0 0.42109375 0.25859375 0.03203125 0.075
0 0.4578125 0.2625 0.0296875 0.0859375
0 0.5296875 0.309375 0.03203125 0.1015625
0 0.65390625 0.21484375 0.02109375 0.05546875
0 0.63671875 0.3640625 0.0453125 0.0890625
0 0.60234375 0.41484375 0.06484375 0.134375
0 0.734375 0.403125 0.0421875 0.0875
0 0.77578125 0.4609375 0.06484375 0.121875
0 0.5984375 0.5578125 0.07109375 0.190625
0 0.796875 0.653125 0.0890625 0.1859375
0 0.71484375 0.7203125 0.11171875 0.31640625