0 0.1671875 0.6 0.084375 0.184375
0 0.1390625 0.4109375 0.0734375 0.18046875
0 0.265625 0.440625 0.05625 0.171875
0 0.409375 0.49609375 0.1171875 0.24453125
0 0.4734375 0.67265625 0.1078125 0.196875
0 0.6546875 0.55859375 0.0984375 0.1859375
0 0.79609375 0.6 0.09140625 0.21796875
0 0.32890625 0.2828125 0.040625 0.096875
0 0.425 0.35703125 0.0359375 0.1125
0 0.3765625 0.24140625 0.03828125 0.10390625
0 0.4234375 0.240625 0.02734375 0.096875
0 0.475 0.31796875 0.0359375 0.10390625
0 0.5171875 0.296875 0.0296875 0.08046875
0 0.61953125 0.41796875 0.05859375 0.140625
0 0.76953125 0.446875 0.04921875 0.12109375
0 0.7421875 0.315625 0.04453125 0.09140625
0 0.7546875 0.390625 0.05 0.08203125
0 0.44765625 0.27109375 0.0328125 0.0625
0 0.4890625 0.25 0.02421875 0.06796875
0 0.53203125 0.25546875 0.0234375 0.06953125
0 0.64375 0.21953125 0.03515625 0.078125
0 0.65234375 0.353125 0.04140625 0.09609375