0 0.11015625 0.65390625 0.15625 0.42109375
0 0.6015625 0.634375 0.11875 0.3265625
0 0.190625 0.66875 0.059375 0.1875
0 0.1375 0.41484375 0.07109375 0.1640625
0 0.2265625 0.4109375 0.0609375 0.184375
0 0.33984375 0.4390625 0.06875 0.184375
0 0.25 0.3453125 0.0421875 0.10546875
0 0.315625 0.3 0.046875 0.103125
0 0.3828125 0.259375 0.03359375 0.103125
0 0.415625 0.39140625 0.05234375 0.1359375
0 0.4515625 0.309375 0.0375 0.09453125
0 0.41875 0.246875 0.0265625 0.0765625
0 0.4953125 0.27734375 0.0359375 0.096875
0 0.45859375 0.228125 0.02421875 0.05703125
0 0.584375 0.4296875 0.0609375 0.13046875
0 0.7953125 0.6140625 0.07421875 0.196875
0 0.78125 0.4859375 0.05546875 0.109375
0 0.74140625 0.3875 0.04609375 0.10390625
0 0.7453125 0.3203125 0.0421875 0.09453125