0 0.240625 0.675 0.0921875 0.21953125
0 0.0453125 0.590625 0.078125 0.178125
0 0.23046875 0.4609375 0.0875 0.15859375
0 0.25078125 0.3390625 0.065625 0.140625
0 0.3328125 0.3 0.04921875 0.1140625
0 0.38828125 0.2765625 0.03203125 0.10546875
0 0.41953125 0.36171875 0.06171875 0.153125
0 0.61953125 0.6359375 0.071875 0.2125
0 0.7984375 0.653125 0.07734375 0.2125
0 0.7140625 0.4828125 0.06484375 0.15546875
0 0.640625 0.39140625 0.05625 0.096875
0 0.753125 0.403125 0.0484375 0.09140625
0 0.740625 0.32109375 0.0484375 0.08359375
0 0.465625 0.33203125 0.05 0.10546875
0 0.4421875 0.2 0.0453125 0.084375
0 0.63828125 0.15234375 0.03828125 0.09453125
0 0.50390625 0.284375 0.04140625 0.07890625
0 0.52890625 0.25546875 0.02890625 0.05546875
0 0.6578125 0.27265625 0.02890625 0.0640625
0 0.6859375 0.234375 0.02109375 0.0515625