0 0.15 0.6484375 0.09765625 0.1875
0 0.028125 0.58671875 0.05625 0.2140625
0 0.1578125 0.46953125 0.059375 0.1234375
0 0.24375 0.4765625 0.0625 0.14453125
0 0.3703125 0.4921875 0.0578125 0.16796875
0 0.2578125 0.3765625 0.0453125 0.09609375
0 0.33125 0.375 0.05 0.10859375
0 0.33125 0.28828125 0.046875 0.096875
0 0.4484375 0.4140625 0.0515625 0.13046875
0 0.38125 0.2796875 0.02734375 0.07890625
0 0.4296875 0.284375 0.0375 0.08359375
0 0.4546875 0.22421875 0.03203125 0.0734375
0 0.615625 0.228125 0.02109375 0.0609375
0 0.6625 0.434375 0.06328125 0.1484375
0 0.7859375 0.61171875 0.0703125 0.184375
0 0.7453125 0.4203125 0.0421875 0.0734375
0 0.7671875 0.4984375 0.0640625 0.09140625
0 0.690625 0.29765625 0.02734375 0.0625