0 0.2078125 0.67890625 0.0765625 0.209375
0 0.11640625 0.4515625 0.05625 0.121875
0 0.225 0.46328125 0.06875 0.15390625
0 0.328125 0.5328125 0.08046875 0.175
0 0.2609375 0.35390625 0.04375 0.12890625
0 0.3484375 0.36875 0.0484375 0.125
0 0.43671875 0.3984375 0.0546875 0.14609375
0 0.3203125 0.28515625 0.04375 0.1140625
0 0.3875 0.2703125 0.0328125 0.0890625
0 0.46328125 0.30390625 0.0375 0.09609375
0 0.4375 0.2328125 0.03359375 0.08046875
0 0.5 0.1890625 0.01796875 0.05859375
0 0.615625 0.46640625 0.05234375 0.125
0 0.646875 0.56171875 0.078125 0.17109375
0 0.76640625 0.4796875 0.04765625 0.1390625
0 0.7515625 0.38515625 0.04296875 0.0734375
0 0.8 0.634375 0.075 0.19296875