0 0.215625 0.5890625 0.0875 0.20703125
0 0.1578125 0.40859375 0.07421875 0.16796875
0 0.24375 0.428125 0.06015625 0.153125
0 0.3515625 0.53046875 0.0703125 0.175
0 0.61328125 0.52890625 0.084375 0.18203125
0 0.74140625 0.67578125 0.153125 0.3359375
0 0.253125 0.334375 0.0453125 0.09453125
0 0.3421875 0.284375 0.0421875 0.09296875
0 0.42578125 0.3625 0.04140625 0.1390625
0 0.3859375 0.24375 0.03359375 0.09453125
0 0.421875 0.234375 0.02734375 0.07890625
0 0.4734375 0.31015625 0.03984375 0.09609375
0 0.5109375 0.2921875 0.03359375 0.0859375
0 0.509375 0.19375 0.0171875 0.05390625
0 0.5765625 0.228125 0.06484375 0.11796875
0 0.6609375 0.2796875 0.0359375 0.078125
0 0.653125 0.36328125 0.0328125 0.103125
0 0.796875 0.55546875 0.06796875 0.146875
0 0.76796875 0.44375 0.05546875 0.115625
0 0.75 0.390625 0.0453125 0.09140625
0 0.74375 0.34921875 0.040625 0.08359375
0 0.73671875 0.2984375 0.03671875 0.05