0 0.1875 0.69921875 0.14609375 0.48125
0 0.3953125 0.69140625 0.11171875 0.5546875
0 0.5921875 0.6 0.084375 0.48125
0 0.665625 0.44296875 0.08203125 0.2296875
0 0.8703125 0.8265625 0.15859375 0.346875
0 0.18125 0.421875 0.078125 0.1984375
0 0.32421875 0.3921875 0.0703125 0.1796875
0 0.49375 0.3921875 0.07578125 0.153125
0 0.47734375 0.52109375 0.084375 0.1765625
0 0.41875 0.30859375 0.03125 0.1015625
0 0.3890625 0.2984375 0.02890625 0.0703125
0 0.2 0.321875 0.0453125 0.065625
0 0.465625 0.24765625 0.02890625 0.0625
0 0.2875 0.31640625 0.04453125 0.0703125