0 0.17109375 0.72109375 0.11328125 0.5578125
0 0.4 0.709375 0.15625 0.58125
0 0.575 0.67421875 0.07578125 0.5890625
0 0.67578125 0.46328125 0.0625 0.2140625
0 0.88984375 0.84609375 0.11328125 0.3078125
0 0.190625 0.39609375 0.08203125 0.1296875
0 0.29765625 0.39609375 0.071875 0.0984375
0 0.2921875 0.3125 0.04921875 0.0734375
0 0.20234375 0.3203125 0.0640625 0.0671875
0 0.203125 0.27578125 0.04453125 0.0671875
0 0.28203125 0.2484375 0.05078125 0.05
0 0.4875 0.375 0.05078125 0.09375
0 0.49140625 0.5078125 0.08984375 0.1453125
0 0.4171875 0.3140625 0.03515625 0.090625
0 0.3796875 0.31484375 0.0375 0.125
0 0.46796875 0.25625 0.0296875 0.04375