0 0.2875 0.234375 0.01953125 0.046875
0 0.25625 0.22421875 0.01953125 0.03125
0 0.21796875 0.2640625 0.025 0.028125
0 0.1921875 0.2796875 0.03515625 0.05
0 0.18359375 0.33046875 0.046875 0.0671875
0 0.2875 0.30078125 0.04921875 0.0546875
0 0.39375 0.234375 0.0390625 0.0578125
0 0.38125 0.2984375 0.02734375 0.0703125
0 0.42578125 0.31796875 0.02578125 0.0671875
0 0.465625 0.2640625 0.0328125 0.065625
0 0.47578125 0.37890625 0.05078125 0.159375
0 0.4765625 0.5140625 0.0703125 0.1125
0 0.57109375 0.58046875 0.06640625 0.4265625
0 0.659375 0.5171875 0.05625 0.278125
0 0.3140625 0.37734375 0.0765625 0.1046875
0 0.14921875 0.396875 0.0796875 0.1328125
0 0.16875 0.7265625 0.12890625 0.546875
0 0.378125 0.69296875 0.1078125 0.609375
0 0.8765625 0.86328125 0.0953125 0.2734375