0 0.184375 0.29453125 0.0390625 0.0828125
0 0.284375 0.29921875 0.05625 0.0828125
0 0.17890625 0.33984375 0.05625 0.0546875
0 0.1609375 0.4 0.08359375 0.1125
0 0.32734375 0.353125 0.084375 0.1375
0 0.15625 0.7328125 0.1796875 0.534375
0 0.3796875 0.6796875 0.15859375 0.640625
0 0.3796875 0.28671875 0.0390625 0.0515625
0 0.415625 0.30703125 0.05859375 0.0984375
0 0.471875 0.37734375 0.0765625 0.140625
0 0.471875 0.51171875 0.06875 0.128125
0 0.575 0.61171875 0.10390625 0.4015625
0 0.675 0.4921875 0.09765625 0.2765625
0 0.875 0.84921875 0.125 0.3015625