0 0.1546875 0.72421875 0.11953125 0.484375
0 0.3875 0.6890625 0.08984375 0.5125
0 0.871875 0.86484375 0.09765625 0.2703125
0 0.56875 0.6171875 0.0921875 0.46875
0 0.6734375 0.515625 0.08046875 0.2921875
0 0.475 0.38046875 0.0796875 0.1765625
0 0.471875 0.515625 0.11875 0.171875
0 0.1578125 0.41640625 0.06640625 0.1609375
0 0.32890625 0.4359375 0.1109375 0.246875
0 0.29375 0.31015625 0.053125 0.0890625
0 0.18671875 0.34765625 0.05859375 0.0859375
0 0.41875 0.33046875 0.0375 0.078125
0 0.38203125 0.303125 0.0453125 0.059375
0 0.459375 0.265625 0.05703125 0.078125
0 0.1890625 0.28125 0.0390625 0.0359375