0 0.1453125 0.73828125 0.12109375 0.5234375
0 0.3859375 0.7015625 0.178125 0.565625
0 0.1640625 0.44140625 0.078125 0.1328125
0 0.328125 0.375 0.07265625 0.1046875
0 0.1921875 0.36328125 0.0640625 0.075
0 0.284375 0.31484375 0.05625 0.0515625
0 0.865625 0.8375 0.165625 0.325
0 0.578125 0.6328125 0.0859375 0.5046875
0 0.6671875 0.48203125 0.1265625 0.265625
0 0.47734375 0.365625 0.06640625 0.1640625
0 0.48125 0.51953125 0.07421875 0.16875
0 0.4265625 0.32265625 0.0453125 0.109375
0 0.3828125 0.3046875 0.04453125 0.078125
0 0.4625 0.25 0.0484375 0.078125
0 0.190625 0.2875 0.046875 0.059375