0 0.153125 0.728125 0.1578125 0.54375
0 0.390625 0.70859375 0.15390625 0.5828125
0 0.16015625 0.4203125 0.07578125 0.1484375
0 0.3109375 0.3609375 0.06484375 0.1171875
0 0.19140625 0.35390625 0.04921875 0.0734375
0 0.28203125 0.32421875 0.05859375 0.08125
0 0.1953125 0.296875 0.0546875 0.0515625
0 0.878125 0.8578125 0.08828125 0.284375
0 0.5765625 0.6265625 0.1 0.4609375
0 0.675 0.51015625 0.1015625 0.3234375
0 0.47265625 0.3828125 0.08046875 0.109375
0 0.47578125 0.5 0.071875 0.125
0 0.421875 0.32265625 0.06015625 0.1140625
0 0.521875 0.30234375 0.0390625 0.0421875
0 0.46171875 0.265625 0.05078125 0.0734375
0 0.3875 0.3109375 0.05078125 0.08125
0 0.365625 0.20859375 0.04296875 0.0421875