0 0.1859375 0.57421875 0.10546875 0.246875
0 0.36640625 0.54296875 0.09765625 0.2734375
0 0.4625 0.4203125 0.06796875 0.190625
0 0.203125 0.353125 0.0703125 0.153125
0 0.284375 0.25546875 0.02578125 0.0625
0 0.209375 0.26953125 0.0390625 0.0546875
0 0.26875 0.2328125 0.0234375 0.05
0 0.30859375 0.31640625 0.05703125 0.096875
0 0.659375 0.56796875 0.08203125 0.34375
0 0.69375 0.44375 0.06640625 0.1796875
0 0.890625 0.88671875 0.09921875 0.2265625
0 0.41875 0.3265625 0.03125 0.08125
0 0.41484375 0.2671875 0.0375 0.059375
0 0.475 0.26171875 0.0375 0.0703125