0 0.153125 0.72890625 0.1328125 0.5421875
0 0.15 0.41640625 0.08828125 0.203125
0 0.17578125 0.32421875 0.046875 0.090625
0 0.3875 0.70703125 0.09609375 0.565625
0 0.32890625 0.38828125 0.05625 0.0984375
0 0.28984375 0.31875 0.05625 0.075
0 0.1890625 0.290625 0.03359375 0.0546875
0 0.478125 0.3734375 0.0609375 0.1328125
0 0.475 0.52578125 0.0765625 0.1671875
0 0.66484375 0.484375 0.0921875 0.2234375
0 0.56875 0.61953125 0.1078125 0.4640625
0 0.86875 0.84375 0.09609375 0.3125
0 0.41484375 0.321875 0.05078125 0.096875
0 0.3828125 0.3109375 0.02890625 0.096875
0 0.45390625 0.2734375 0.0328125 0.0671875
0 0.4640625 0.23828125 0.03359375 0.0546875
0 0.3640625 0.25234375 0.0328125 0.0578125