0 0.1453125 0.64609375 0.14453125 0.3546875
0 0.3765625 0.7171875 0.1703125 0.565625
0 0.2671875 0.1546875 0.025 0.05
0 0.1921875 0.31015625 0.0484375 0.0890625
0 0.2734375 0.32578125 0.04140625 0.0828125
0 0.1765625 0.375 0.078125 0.09375
0 0.31875 0.36171875 0.0875 0.1515625
0 0.15703125 0.4390625 0.06640625 0.1640625
0 0.8796875 0.8734375 0.09921875 0.253125
0 0.5734375 0.48828125 0.071875 0.153125
0 0.6609375 0.453125 0.07265625 0.1453125
0 0.459375 0.40078125 0.0546875 0.0984375
0 0.42109375 0.32265625 0.0328125 0.09375
0 0.52265625 0.30703125 0.0484375 0.0828125
0 0.38984375 0.30234375 0.0375 0.0578125
0 0.35234375 0.24375 0.02734375 0.0703125
0 0.4625 0.2671875 0.053125 0.090625
0 0.2984375 0.2890625 0.05703125 0.1046875