0 0.165625 0.740625 0.1640625 0.51875
0 0.1609375 0.43984375 0.07421875 0.21875
0 0.1734375 0.34609375 0.0609375 0.0984375
0 0.3828125 0.7109375 0.18515625 0.578125
0 0.3140625 0.38046875 0.0765625 0.1359375
0 0.278125 0.3109375 0.0546875 0.075
0 0.85625 0.859375 0.11171875 0.28125
0 0.571875 0.63046875 0.1078125 0.5046875
0 0.659375 0.490625 0.07578125 0.253125
0 0.4640625 0.39296875 0.0640625 0.15625
0 0.41875 0.33984375 0.0375 0.128125
0 0.459375 0.27109375 0.03125 0.0671875
0 0.4765625 0.51953125 0.078125 0.14375
0 0.3796875 0.30625 0.03515625 0.090625
0 0.33515625 0.21640625 0.03515625 0.0421875