0 0.13984375 0.58984375 0.09765625 0.253125
0 0.3859375 0.55625 0.1109375 0.2375
0 0.5796875 0.4703125 0.06640625 0.184375
0 0.65546875 0.4515625 0.05859375 0.153125
0 0.88125 0.8515625 0.1109375 0.2765625
0 0.475 0.37109375 0.05625 0.1171875
0 0.4203125 0.32421875 0.06015625 0.08125
0 0.3171875 0.40078125 0.08203125 0.0734375
0 0.1375 0.4140625 0.05859375 0.1359375
0 0.1796875 0.35703125 0.05234375 0.1453125
0 0.2828125 0.3375 0.0546875 0.1328125
0 0.18671875 0.2796875 0.0453125 0.0703125
0 0.38125 0.29140625 0.01796875 0.0421875
0 0.4671875 0.2578125 0.0375 0.09375