0 0.55546875 0.246875 0.10234375 0.31796875
0 0.490625 0.28203125 0.09609375 0.10625
0 0.4734375 0.41328125 0.0921875 0.196875
0 0.35546875 0.3484375 0.07265625 0.15078125
0 0.31640625 0.47421875 0.09609375 0.16171875
0 0.2296875 0.3890625 0.08515625 0.21796875
0 0.07109375 0.5140625 0.1109375 0.18046875
0 0.18828125 0.63125 0.09765625 0.27578125
0 0.121875 0.76953125 0.1265625 0.28046875
0 0.04921875 0.865625 0.0984375 0.26875
0 0.74453125 0.85703125 0.11953125 0.2609375
0 0.7515625 0.69140625 0.1171875 0.16484375
0 0.7890625 0.57890625 0.0703125 0.125
0 0.76796875 0.490625 0.06015625 0.06953125
0 0.78515625 0.425 0.0703125 0.1
0 0.7609375 0.37421875 0.08671875 0.1265625
0 0.73671875 0.2984375 0.06484375 0.09296875