0 0.06171875 0.421875 0.12265625 0.178125
0 0.15 0.29453125 0.13359375 0.2
0 0.09609375 0.153125 0.06640625 0.1
0 0.01875 0.159375 0.0375 0.06953125
0 0.03515625 0.09453125 0.05859375 0.078125
0 0.43046875 0.490625 0.13515625 0.096875
0 0.42109375 0.32109375 0.08359375 0.1359375
0 0.334375 0.178125 0.06484375 0.1109375
0 0.47890625 0.2109375 0.05859375 0.06640625
0 0.428125 0.12890625 0.05625 0.075
0 0.26640625 0.2484375 0.0625 0.13046875
0 0.29609375 0.065625 0.06640625 0.0859375
0 0.39453125 0.084375 0.06484375 0.0640625
0 0.19296875 0.096875 0.06484375 0.078125
0 0.2625 0.04140625 0.07109375 0.021875
0 0.06875 0.05859375 0.05390625 0.03359375
0 0.71171875 0.3265625 0.17265625 0.28046875
0 0.13671875 0.84296875 0.11875 0.14140625
0 0.071875 0.78359375 0.08515625 0.14453125
0 0.17890625 0.696875 0.09140625 0.13359375
0 0.24140625 0.9234375 0.10859375 0.1359375
0 0.428125 0.8359375 0.11015625 0.171875
0 0.37109375 0.68203125 0.04609375 0.0640625
0 0.4625 0.715625 0.075 0.0859375
0 0.42734375 0.64140625 0.0625 0.05
0 0.409375 0.6125 0.03515625 0.03046875
0 0.37421875 0.596875 0.04765625 0.09453125
0 0.28203125 0.571875 0.03984375 0.0390625
0 0.3125 0.615625 0.04140625 0.04140625
0 0.578125 0.91484375 0.2125 0.1703125
0 0.7984375 0.9203125 0.153125 0.159375
0 0.64140625 0.71640625 0.06640625 0.121875
0 0.65859375 0.63046875 0.04609375 0.08359375
0 0.93515625 0.778125 0.05859375 0.071875
0 0.81171875 0.659375 0.03984375 0.075
0 0.88359375 0.659375 0.03359375 0.09140625
0 0.834375 0.55546875 0.03515625 0.078125
0 0.75703125 0.5859375 0.02265625 0.04453125