0 0.07421875 0.43359375 0.14765625 0.23359375
0 0.10546875 0.240625 0.08984375 0.09140625
0 0.02265625 0.121875 0.04140625 0.0890625
0 0.16484375 0.1890625 0.09140625 0.11640625
0 0.28828125 0.35859375 0.06015625 0.1
0 0.40390625 0.4609375 0.06640625 0.078125
0 0.09140625 0.64296875 0.09609375 0.13046875
0 0.2046875 0.8328125 0.165625 0.334375
0 0.41953125 0.9484375 0.15625 0.103125
0 0.44609375 0.84296875 0.10859375 0.15859375
0 0.47109375 0.7265625 0.09140625 0.0640625
0 0.31640625 0.60546875 0.0625 0.1
0 0.25390625 0.61796875 0.04609375 0.11953125
0 0.40234375 0.6234375 0.04609375 0.06953125
0 0.35859375 0.59140625 0.04609375 0.10546875
0 0.69453125 0.278125 0.14375 0.3390625
0 0.621875 0.9234375 0.14375 0.153125
0 0.85859375 0.90390625 0.225 0.19140625
0 0.9 0.7640625 0.09140625 0.178125
0 0.67734375 0.8 0.1375 0.171875
0 0.7 0.634375 0.06640625 0.13046875
0 0.77890625 0.6859375 0.09140625 0.1109375
0 0.89765625 0.64453125 0.04609375 0.078125
0 0.82578125 0.5859375 0.02734375 0.01640625
0 0.70390625 0.58046875 0.0625 0.078125
0 0.63046875 0.603125 0.05625 0.08359375
0 0.809375 0.546875 0.03125 0.04453125
0 0.771875 0.5265625 0.02734375 0.05859375