0 0.11015625 0.29140625 0.10390625 0.128125
0 0.04296875 0.44453125 0.08515625 0.1390625
0 0.446875 0.4359375 0.09375 0.078125
0 0.38046875 0.30703125 0.12734375 0.13046875
0 0.34921875 0.19296875 0.09375 0.096875
0 0.475 0.19609375 0.07109375 0.08046875
0 0.11953125 0.1484375 0.08984375 0.08046875
0 0.02578125 0.15703125 0.0515625 0.0640625
0 0.02578125 0.090625 0.0515625 0.1
0 0.065625 0.0515625 0.05625 0.053125
0 0.29453125 0.075 0.06484375 0.05546875
0 0.39921875 0.08046875 0.07734375 0.05546875
0 0.41171875 0.128125 0.05625 0.0390625
0 0.27421875 0.24453125 0.08125 0.1390625
0 0.35859375 0.0484375 0.0375 0.04140625
0 0.04609375 0.925 0.09140625 0.15
0 0.13359375 0.82109375 0.10859375 0.19140625
0 0.04921875 0.7375 0.07734375 0.15859375
0 0.18359375 0.6875 0.0875 0.125
0 0.29296875 0.928125 0.08125 0.1390625
0 0.44296875 0.8484375 0.12265625 0.14140625
0 0.47109375 0.7140625 0.04609375 0.0609375
0 0.253125 0.6015625 0.01875 0.046875
0 0.31875 0.621875 0.02890625 0.06640625
0 0.34140625 0.57890625 0.0125 0.025
0 0.36171875 0.6140625 0.02734375 0.078125
0 0.42421875 0.65703125 0.03125 0.04140625
0 0.36015625 0.70390625 0.03359375 0.05859375
0 0.409375 0.6234375 0.03515625 0.0640625
0 0.44765625 0.6109375 0.02109375 0.0390625
0 0.65703125 0.303125 0.22734375 0.38359375
0 0.76796875 0.8859375 0.08515625 0.21640625
0 0.63671875 0.74609375 0.07265625 0.1359375
0 0.59921875 0.9140625 0.18125 0.171875
0 0.90703125 0.784375 0.14765625 0.125
0 0.8125 0.66796875 0.05 0.06953125
0 0.896875 0.653125 0.05625 0.1109375
0 0.646875 0.653125 0.04765625 0.06640625
0 0.62421875 0.59296875 0.03984375 0.0359375
0 0.76953125 0.6015625 0.03515625 0.09140625
0 0.83828125 0.5640625 0.04765625 0.04453125