0 0.3953125 0.86328125 0.1578125 0.2734375
0 0.73125 0.85 0.134375 0.3
0 0.71484375 0.56171875 0.11171875 0.2703125
0 0.109375 0.86875 0.13828125 0.26171875
0 0.09453125 0.61796875 0.11328125 0.2265625
0 0.02421875 0.52890625 0.0484375 0.29375
0 0.159375 0.5390625 0.10078125 0.365625
0 0.14296875 0.35546875 0.08203125 0.22421875
0 0.2359375 0.4421875 0.08828125 0.33359375
0 0.32265625 0.284375 0.07265625 0.21796875
0 0.2515625 0.23515625 0.0625 0.17421875
0 0.3625 0.16796875 0.071875 0.196875
0 0.45703125 0.24453125 0.08828125 0.18359375
0 0.49921875 0.13828125 0.06640625 0.16953125
0 0.6859375 0.15625 0.046875 0.1140625
0 0.7015625 0.20390625 0.07421875 0.08828125
0 0.721875 0.2640625 0.08203125 0.07890625
0 0.7203125 0.33671875 0.09609375 0.1359375
0 0.68984375 0.40703125 0.12265625 0.134375