0 0.04921875 0.45390625 0.09765625 0.16953125
0 0.43671875 0.4625 0.13984375 0.09140625
0 0.39765625 0.3359375 0.1 0.15
0 0.12109375 0.2765625 0.16640625 0.1140625
0 0.10234375 0.159375 0.08359375 0.103125
0 0.025 0.15546875 0.05 0.06640625
0 0.02265625 0.090625 0.0375 0.0859375
0 0.07578125 0.059375 0.05625 0.06953125
0 0.36328125 0.2015625 0.06484375 0.053125
0 0.46796875 0.19609375 0.07734375 0.096875
0 0.41484375 0.1265625 0.06640625 0.05859375
0 0.28203125 0.240625 0.06484375 0.11953125
0 0.30859375 0.08203125 0.05390625 0.046875
0 0.40234375 0.07890625 0.05859375 0.04140625
0 0.36875 0.05546875 0.04609375 0.04453125
0 0.67734375 0.33359375 0.24609375 0.271875
0 0.275 0.91640625 0.10859375 0.16640625
0 0.15390625 0.86953125 0.0875 0.21640625
0 0.06796875 0.753125 0.05625 0.1109375
0 0.175 0.7140625 0.0875 0.128125
0 0.44140625 0.853125 0.09140625 0.09453125
0 0.45859375 0.725 0.05859375 0.06640625
0 0.36796875 0.6890625 0.07734375 0.078125
0 0.3375 0.69296875 0.06640625 0.05859375
0 0.30546875 0.615625 0.04375 0.046875
0 0.37265625 0.6265625 0.04609375 0.05859375
0 0.41796875 0.659375 0.01015625 0.01953125
0 0.421875 0.62109375 0.03984375 0.08046875
0 0.459375 0.6140625 0.03125 0.04453125
0 0.28515625 0.590625 0.04609375 0.075
0 0.34296875 0.575 0.02734375 0.05
0 0.7609375 0.90234375 0.128125 0.1953125
0 0.59140625 0.921875 0.19140625 0.15546875
0 0.61796875 0.7609375 0.10625 0.15546875
0 0.65078125 0.65703125 0.07265625 0.08046875
0 0.896875 0.81640625 0.17265625 0.1
0 0.80703125 0.68203125 0.06484375 0.05859375
0 0.88125 0.6734375 0.075 0.04140625
0 0.86640625 0.6234375 0.0375 0.053125
0 0.62421875 0.59140625 0.04375 0.028125