0 0.43359375 0.04765625 0.10390625 0.0953125
0 0.6625 0.0359375 0.0546875 0.04921875
0 0.62265625 0.04609375 0.04140625 0.07421875
0 0.61640625 0.20078125 0.08671875 0.2390625
0 0.52265625 0.40625 0.10546875 0.2703125
0 0.66640625 0.37421875 0.0953125 0.215625
0 0.46953125 0.7234375 0.228125 0.51640625
0 0.68828125 0.8296875 0.0921875 0.340625
0 0.30078125 0.05546875 0.04140625 0.1109375
0 0.34765625 0.1109375 0.06484375 0.18984375
0 0.2625 0.10546875 0.0640625 0.128125
0 0.271875 0.19140625 0.05390625 0.08046875
0 0.18125 0.20625 0.0859375 0.15703125
0 0.29296875 0.30703125 0.06796875 0.109375
0 0.28203125 0.44453125 0.209375 0.3984375
0 0.184375 0.56015625 0.12578125 0.21328125
0 0.13671875 0.32109375 0.08046875 0.18828125