0 0.5296875 0.18046875 0.06015625 0.1296875
0 0.5015625 0.2359375 0.05703125 0.1390625
0 0.71953125 0.16328125 0.04609375 0.1
0 0.7421875 0.22890625 0.05703125 0.08828125
0 0.7453125 0.3046875 0.07421875 0.13671875
0 0.7484375 0.334375 0.0546875 0.071875
0 0.73984375 0.41171875 0.06796875 0.1109375
0 0.65859375 0.559375 0.09609375 0.26171875
0 0.76015625 0.6890625 0.12109375 0.321875
0 0.7890625 0.88671875 0.12265625 0.2265625
0 0.4734375 0.8828125 0.1234375 0.234375
0 0.14140625 0.8890625 0.13671875 0.20390625
0 0.15 0.64609375 0.09375 0.2734375
0 0.08203125 0.61953125 0.11953125 0.29375
0 0.2234375 0.60390625 0.10078125 0.33359375
0 0.3125 0.5265625 0.1328125 0.30390625
0 0.21015625 0.45859375 0.11015625 0.32421875
0 0.3640625 0.31015625 0.053125 0.17578125
0 0.30703125 0.3078125 0.0703125 0.16171875
0 0.46484375 0.48828125 0.15625 0.78203125