0 0.278125 0.2640625 0.23125 0.528125
0 0.63046875 0.28203125 0.13984375 0.31953125
0 0.85625 0.115625 0.16640625 0.225
0 0.753125 0.7578125 0.3375 0.484375
0 0.69921875 0.66953125 0.14375 0.20546875
0 0.6625 0.5734375 0.0875 0.096875
0 0.32109375 0.846875 0.17109375 0.30546875
0 0.1359375 0.8578125 0.190625 0.284375
0 0.04296875 0.85390625 0.08515625 0.26953125
0 0.11640625 0.60703125 0.07109375 0.0859375
0 0.20546875 0.66953125 0.08125 0.11640625
0 0.29609375 0.60859375 0.06640625 0.15546875
0 0.28203125 0.5390625 0.03515625 0.05546875
0 0.346875 0.6265625 0.05625 0.1140625
0 0.428125 0.68359375 0.06484375 0.13359375