0 0.66875 0.3234375 0.17890625 0.353125
0 0.084375 0.42109375 0.06015625 0.15859375
0 0.09921875 0.259375 0.10234375 0.10859375
0 0.08359375 0.15703125 0.09140625 0.075
0 0.04296875 0.103125 0.08515625 0.1
0 0.0625 0.04609375 0.05 0.053125
0 0.19296875 0.10703125 0.09375 0.16953125
0 0.23671875 0.0359375 0.09765625 0.071875
0 0.290625 0.06640625 0.07265625 0.10546875
0 0.39921875 0.09609375 0.06875 0.08046875
0 0.29609375 0.14453125 0.07890625 0.0390625
0 0.33671875 0.1640625 0.10234375 0.11640625
0 0.48125 0.21640625 0.07890625 0.128125
0 0.315625 0.4109375 0.13984375 0.2390625
0 0.38515625 0.46640625 0.14609375 0.121875
0 0.56484375 0.875 0.12109375 0.15546875
0 0.66484375 0.728125 0.1375 0.178125
0 0.6875 0.62890625 0.05 0.096875
0 0.79921875 0.925 0.11015625 0.15
0 0.90078125 0.790625 0.10625 0.075
0 0.79921875 0.65703125 0.05625 0.0859375
0 0.88984375 0.6859375 0.05859375 0.078125
0 0.86484375 0.603125 0.05 0.05546875
0 0.828125 0.5734375 0.03515625 0.04140625
0 0.77734375 0.54609375 0.0375 0.04140625
0 0.82578125 0.5515625 0.03984375 0.06953125
0 0.22734375 0.92890625 0.12890625 0.14140625
0 0.44921875 0.94296875 0.08984375 0.08046875
0 0.44453125 0.83046875 0.06484375 0.08359375
0 0.459375 0.7 0.03515625 0.08359375
0 0.35078125 0.690625 0.05625 0.075
0 0.11796875 0.790625 0.11875 0.153125
0 0.046875 0.740625 0.09375 0.096875
0 0.17109375 0.69296875 0.05859375 0.06953125
0 0.22421875 0.60703125 0.05234375 0.103125
0 0.27734375 0.61640625 0.05 0.0609375
0 0.31875 0.60859375 0.04140625 0.05
0 0.36640625 0.609375 0.04609375 0.06953125