0 0.05859375 0.4484375 0.11640625 0.153125
0 0.13203125 0.3015625 0.11484375 0.24140625
0 0.11171875 0.16796875 0.06015625 0.14140625
0 0.025 0.1625 0.05 0.08046875
0 0.42578125 0.478125 0.11875 0.0609375
0 0.42421875 0.3265625 0.10625 0.153125
0 0.35703125 0.19296875 0.06015625 0.1140625
0 0.46796875 0.1859375 0.08984375 0.1
0 0.28828125 0.2359375 0.08125 0.15
0 0.425 0.14140625 0.04609375 0.05546875
0 0.40703125 0.0640625 0.05625 0.10546875
0 0.29140625 0.078125 0.03359375 0.05
0 0.0375 0.09453125 0.075 0.078125
0 0.66640625 0.33203125 0.32109375 0.346875
0 0.28828125 0.91953125 0.08515625 0.1609375
0 0.04453125 0.890625 0.0890625 0.19375
0 0.08046875 0.7625 0.07734375 0.15859375
0 0.15703125 0.80703125 0.07734375 0.18046875
0 0.18515625 0.7 0.075 0.1390625
0 0.2 0.61796875 0.04609375 0.08046875
0 0.24375 0.6015625 0.05 0.05859375
0 0.303125 0.61953125 0.03125 0.0390625
0 0.36796875 0.59453125 0.04375 0.05
0 0.44453125 0.84140625 0.12265625 0.128125
0 0.41796875 0.96640625 0.09375 0.05546875
0 0.37109375 0.703125 0.05390625 0.05
0 0.465625 0.728125 0.06484375 0.05
0 0.42890625 0.64296875 0.0625 0.06953125
0 0.64375 0.65859375 0.1125 0.13359375
0 0.64296875 0.73359375 0.09375 0.10546875
0 0.54921875 0.8765625 0.19375 0.16953125
0 0.82421875 0.95390625 0.17265625 0.09140625
0 0.90390625 0.7734375 0.19140625 0.08046875
0 0.85390625 0.66640625 0.13359375 0.078125
0 0.63359375 0.63203125 0.07890625 0.103125
0 0.759375 0.5734375 0.02734375 0.0640625