0 0.21484375 0.70703125 0.12109375 0.33046875
0 0.30546875 0.62109375 0.06484375 0.2359375
0 0.35625 0.578125 0.04140625 0.14453125
0 0.41171875 0.584375 0.05234375 0.09140625
0 0.36328125 0.528125 0.04375 0.05
0 0.26328125 0.2625 0.32265625 0.475
0 0.63828125 0.2484375 0.21484375 0.396875
0 0.81171875 0.175 0.06484375 0.221875
0 0.91953125 0.153125 0.13515625 0.30546875
0 0.8625 0.065625 0.0375 0.103125
0 0.765625 0.775 0.28125 0.45
0 0.646875 0.6390625 0.13984375 0.221875
0 0.684375 0.55546875 0.06015625 0.08359375