0 0.08125 0.45390625 0.12109375 0.0859375
0 0.43671875 0.4515625 0.14765625 0.10859375
0 0.05859375 0.275 0.0875 0.06640625
0 0.13828125 0.153125 0.07265625 0.11640625
0 0.02890625 0.15 0.0578125 0.078125
0 0.03359375 0.0734375 0.06640625 0.096875
0 0.26875 0.15703125 0.075 0.075
0 0.41796875 0.19453125 0.04765625 0.05546875
0 0.4875 0.1640625 0.03359375 0.071875
0 0.41875 0.128125 0.05 0.05
0 0.29765625 0.08046875 0.07890625 0.0609375
0 0.41953125 0.0640625 0.06484375 0.08359375
0 0.38828125 0.05546875 0.04765625 0.0609375
0 0.30546875 0.03046875 0.04375 0.0390625
0 0.18359375 0.0484375 0.08359375 0.09140625
0 0.07734375 0.0390625 0.1 0.0390625
0 0.66328125 0.28359375 0.23984375 0.36640625
0 0.95078125 0.1125 0.03125 0.1140625
0 0.04921875 0.9015625 0.09765625 0.153125
0 0.03515625 0.746875 0.05 0.1390625
0 0.109375 0.7734375 0.10625 0.18046875
0 0.28125 0.8625 0.125 0.2140625
0 0.325 0.746875 0.06640625 0.08359375
0 0.44453125 0.865625 0.10625 0.21953125
0 0.46953125 0.7109375 0.06484375 0.1
0 0.35703125 0.6890625 0.05625 0.078125
0 0.22421875 0.603125 0.04765625 0.15
0 0.25 0.59609375 0.05390625 0.08046875
0 0.30859375 0.6140625 0.02109375 0.021875
0 0.3 0.59296875 0.02890625 0.04140625
0 0.27265625 0.5734375 0.0375 0.053125
0 0.38203125 0.62890625 0.03984375 0.04140625
0 0.371875 0.58046875 0.01875 0.08359375
0 0.60625 0.884375 0.20390625 0.21953125
0 0.671875 0.71796875 0.04765625 0.11953125
0 0.690625 0.64609375 0.03984375 0.103125
0 0.62421875 0.58203125 0.04765625 0.08046875
0 0.81171875 0.91953125 0.10234375 0.1609375
0 0.925 0.75546875 0.06640625 0.1
0 0.8125 0.6484375 0.05 0.08046875
0 0.9125 0.6765625 0.04140625 0.06953125
0 0.86171875 0.596875 0.04765625 0.071875
0 0.83125 0.565625 0.03359375 0.053125
0 0.72265625 0.58203125 0.03359375 0.03046875
0 0.71640625 0.5484375 0.05390625 0.04140625