0 0.35625 0.60859375 0.134375 0.78203125
0 0.146875 0.7546875 0.1546875 0.44921875
0 0.1703125 0.46328125 0.09609375 0.26875
0 0.0453125 0.56171875 0.08984375 0.40546875
0 0.071875 0.38828125 0.06796875 0.3359375
0 0.2578125 0.37734375 0.09375 0.32421875
0 0.2171875 0.1890625 0.0765625 0.27578125
0 0.3078125 0.22890625 0.07421875 0.259375
0 0.36953125 0.11796875 0.05859375 0.18515625
0 0.3296875 0.071875 0.08046875 0.14375
0 0.52890625 0.19609375 0.08046875 0.39140625
0 0.51484375 0.78671875 0.21015625 0.42578125
0 0.4859375 0.92734375 0.17421875 0.1453125
0 0.79453125 0.77734375 0.1828125 0.4453125
0 0.78359375 0.55 0.1640625 0.51171875
0 0.68046875 0.43046875 0.10234375 0.45390625
0 0.74453125 0.2234375 0.09609375 0.17890625
0 0.73984375 0.084375 0.1109375 0.16875
0 0.5609375 0.0625 0.09296875 0.125