0 0.60625 0.071875 0.06171875 0.1203125
0 0.553125 0.11484375 0.09296875 0.215625
0 0.62265625 0.3125 0.06796875 0.19453125
0 0.45859375 0.30234375 0.08828125 0.2015625
0 0.37734375 0.54375 0.1265625 0.25
0 0.17578125 0.4609375 0.08046875 0.19921875
0 0.234375 0.28125 0.06796875 0.178125
0 0.28203125 0.2109375 0.05625 0.115625
0 0.16640625 0.18046875 0.07265625 0.1484375
0 0.2234375 0.0859375 0.06171875 0.1109375
0 0.28359375 0.09453125 0.05078125 0.09296875
0 0.29375 0.02890625 0.04375 0.0578125