0 0.08828125 0.29140625 0.05859375 0.18046875
0 0.12578125 0.5390625 0.08671875 0.23125
0 0.15859375 0.1890625 0.08984375 0.2296875
0 0.284375 0.425 0.1734375 0.85
0 0.2109375 0.11796875 0.07265625 0.14375
0 0.32578125 0.121875 0.08359375 0.2015625
0 0.6578125 0.03671875 0.05 0.0734375
0 0.59296875 0.14609375 0.12421875 0.153125
0 0.50390625 0.40546875 0.09609375 0.34296875
0 0.45625 0.59453125 0.1234375 0.3890625
0 0.66484375 0.33828125 0.12109375 0.2640625
0 0.6828125 0.8171875 0.11328125 0.30546875