0 0.396875 0.82265625 0.14765625 0.3546875
0 0.5984375 0.828125 0.08984375 0.225
0 0.3921875 0.50390625 0.1015625 0.253125
0 0.16953125 0.50859375 0.08828125 0.2203125
0 0.053125 0.77265625 0.10625 0.4546875
0 0.0453125 0.3703125 0.08828125 0.346875
0 0.15546875 0.321875 0.10234375 0.21328125
0 0.1234375 0.2109375 0.07578125 0.18046875
0 0.21328125 0.28359375 0.08046875 0.29453125
0 0.40390625 0.4421875 0.18515625 0.66640625
0 0.5765625 0.5390625 0.15078125 0.240625
0 0.58984375 0.31328125 0.1015625 0.28515625
0 0.528125 0.24765625 0.10078125 0.18046875
0 0.59453125 0.1484375 0.07890625 0.1390625
0 0.55859375 0.09453125 0.08046875 0.18515625
0 0.21875 0.1203125 0.0546875 0.1296875
0 0.29921875 0.05703125 0.0546875 0.1
0 0.2796875 0.034375 0.046875 0.06875
0 0.3453125 0.01875 0.04921875 0.03671875
0 0.43203125 0.05078125 0.06015625 0.1015625
0 0.56484375 0.03046875 0.06640625 0.06015625