0 0.1515625 0.87734375 0.14453125 0.2453125
0 0.159375 0.68203125 0.10234375 0.23828125
0 0.03203125 0.75703125 0.06328125 0.30546875
0 0.08046875 0.62265625 0.08828125 0.2734375
0 0.215625 0.6296875 0.11875 0.2546875
0 0.25625 0.521875 0.0625 0.20625
0 0.17265625 0.434375 0.06953125 0.18828125
0 0.32890625 0.39921875 0.0640625 0.14609375
0 0.2765625 0.33359375 0.0609375 0.17578125
0 0.36015625 0.290625 0.0640625 0.090625
0 0.44453125 0.353125 0.0765625 0.16484375
0 0.4671875 0.25078125 0.05859375 0.10390625
0 0.5171875 0.24921875 0.09140625 0.30859375
0 0.60078125 0.26640625 0.06328125 0.1203125
0 0.625 0.28203125 0.0546875 0.04609375
0 0.6390625 0.36015625 0.07265625 0.11875
0 0.63359375 0.43046875 0.07890625 0.08828125
0 0.6234375 0.50859375 0.078125 0.07578125
0 0.61953125 0.63359375 0.13203125 0.234375
0 0.66875 0.8609375 0.12421875 0.23125
0 0.40390625 0.878125 0.134375 0.24375