0 0.5625 0.86484375 0.18125 0.2703125
0 0.67578125 0.7359375 0.09765625 0.171875
0 0.80703125 0.94453125 0.12734375 0.1109375
0 0.91953125 0.771875 0.08125 0.15
0 0.79140625 0.6734375 0.07890625 0.146875
0 0.7125 0.64140625 0.025 0.071875
0 0.61484375 0.59140625 0.07109375 0.15546875
0 0.884375 0.65 0.03515625 0.1109375
0 0.86640625 0.6 0.07109375 0.08359375
0 0.71015625 0.56953125 0.01640625 0.028125
0 0.73515625 0.546875 0.02890625 0.0390625
0 0.7625 0.54140625 0.03359375 0.028125
0 0.83515625 0.56953125 0.02109375 0.05546875
0 0.73046875 0.52109375 0.09375 0.08046875
0 0.10390625 0.421875 0.125 0.1390625
0 0.10625 0.265625 0.1 0.146875
0 0.128125 0.13359375 0.07265625 0.128125
0 0.02734375 0.171875 0.05390625 0.071875
0 0.315625 0.33046875 0.08984375 0.078125
0 0.39453125 0.4484375 0.18125 0.13046875
0 0.32109375 0.1890625 0.05859375 0.071875
0 0.46875 0.18359375 0.06640625 0.121875
0 0.43359375 0.13046875 0.07890625 0.14453125
0 0.29921875 0.15859375 0.02734375 0.0390625
0 0.37734375 0.0515625 0.075 0.0859375
0 0.25625 0.13203125 0.0875 0.153125
0 0.034375 0.08203125 0.06875 0.1140625
0 0.175 0.05 0.05 0.1
0 0.30390625 0.03203125 0.0625 0.046875
0 0.07109375 0.746875 0.06640625 0.178125
0 0.12578125 0.84296875 0.10234375 0.225
0 0.28046875 0.871875 0.19765625 0.25546875
0 0.425 0.92890625 0.13359375 0.14140625
0 0.26796875 0.75390625 0.05234375 0.11953125
0 0.23359375 0.596875 0.05390625 0.08359375
0 0.15 0.6734375 0.05859375 0.08046875
0 0.33203125 0.61796875 0.08125 0.0359375
0 0.36640625 0.6640625 0.05 0.05546875
0 0.47265625 0.7015625 0.05390625 0.09140625
0 0.37265625 0.6390625 0.03359375 0.05546875
0 0.365625 0.59296875 0.03984375 0.06953125
0 0.44453125 0.596875 0.03125 0.05