0 0.68359375 0.3140625 0.24140625 0.35
0 0.96015625 0.18046875 0.07890625 0.178125
0 0.75078125 0.875 0.11015625 0.1890625
0 0.571875 0.909375 0.16875 0.18046875
0 0.64921875 0.7734375 0.08984375 0.1859375
0 0.66015625 0.64609375 0.05 0.103125
0 0.921875 0.7765625 0.08984375 0.13046875
0 0.89296875 0.69453125 0.05234375 0.11640625
0 0.828125 0.6734375 0.05625 0.09140625
0 0.78671875 0.5875 0.06015625 0.09140625
0 0.81328125 0.5609375 0.03984375 0.05
0 0.41484375 0.45859375 0.15859375 0.0890625
0 0.05234375 0.4515625 0.10390625 0.1140625
0 0.140625 0.3390625 0.15625 0.21640625
0 0.346875 0.215625 0.07265625 0.09140625
0 0.478125 0.1859375 0.08984375 0.071875
0 0.440625 0.3140625 0.15625 0.121875
0 0.41015625 0.11640625 0.08359375 0.09453125
0 0.2875 0.246875 0.05 0.15
0 0.09921875 0.1609375 0.10234375 0.0609375
0 0.034375 0.0890625 0.06875 0.06640625
0 0.3 0.08359375 0.09140625 0.0609375
0 0.17265625 0.06953125 0.075 0.06640625
0 0.090625 0.053125 0.07265625 0.071875
0 0.05234375 0.78203125 0.1 0.11953125
0 0.14375 0.809375 0.1 0.1859375
0 0.27109375 0.91796875 0.10390625 0.1640625
0 0.41171875 0.95 0.06875 0.0890625
0 0.4375 0.81796875 0.09609375 0.10859375
0 0.19296875 0.7234375 0.06484375 0.146875
0 0.21640625 0.63359375 0.05390625 0.071875
0 0.259375 0.59609375 0.04765625 0.053125
0 0.31484375 0.62109375 0.04140625 0.046875
0 0.36953125 0.69140625 0.05625 0.06640625
0 0.45546875 0.72109375 0.06875 0.05859375
0 0.41015625 0.64609375 0.03359375 0.04140625
0 0.365625 0.61640625 0.03984375 0.06640625
0 0.41328125 0.615625 0.03515625 0.046875
0 0.45234375 0.62109375 0.02890625 0.04140625