0 0.04921875 0.44609375 0.09765625 0.13046875
0 0.14765625 0.325 0.1625 0.25
0 0.1 0.1640625 0.07890625 0.078125
0 0.02109375 0.153125 0.04140625 0.078125
0 0.028125 0.0890625 0.05625 0.0609375
0 0.39921875 0.4609375 0.08125 0.10546875
0 0.43515625 0.3140625 0.0875 0.1109375
0 0.346875 0.1859375 0.08515625 0.08359375
0 0.48515625 0.203125 0.05859375 0.078125
0 0.41484375 0.1390625 0.0625 0.05546875
0 0.28125 0.2359375 0.07109375 0.121875
0 0.16953125 0.06796875 0.04375 0.075
0 0.28671875 0.06796875 0.04375 0.075
0 0.39609375 0.07890625 0.075 0.0640625
0 0.20625 0.15703125 0.06640625 0.1359375
0 0.14453125 0.8359375 0.08125 0.18359375
0 0.07265625 0.7765625 0.06640625 0.125
0 0.07578125 0.94140625 0.09765625 0.11640625
0 0.18828125 0.7234375 0.09375 0.15859375
0 0.20546875 0.6140625 0.04375 0.0609375
0 0.33046875 0.65390625 0.05625 0.1359375
0 0.28828125 0.5765625 0.04375 0.05859375
0 0.34296875 0.62890625 0.03984375 0.06953125
0 0.38359375 0.60546875 0.0375 0.09453125
0 0.409375 0.59453125 0.01484375 0.021875
0 0.4125 0.653125 0.07109375 0.04453125
0 0.36953125 0.69453125 0.05625 0.08359375
0 0.46015625 0.72890625 0.05859375 0.06953125
0 0.45 0.828125 0.12890625 0.09453125
0 0.27265625 0.9359375 0.1125 0.128125
0 0.378125 0.9625 0.06015625 0.075
0 0.74765625 0.30546875 0.21640625 0.35
0 0.96640625 0.25546875 0.06640625 0.3609375
0 0.584375 0.8984375 0.18515625 0.203125
0 0.76953125 0.90546875 0.09765625 0.1890625
0 0.91640625 0.803125 0.1375 0.121875
0 0.64296875 0.75546875 0.09765625 0.128125
0 0.65546875 0.65 0.06875 0.08359375
0 0.815625 0.671875 0.04765625 0.078125
0 0.871875 0.665625 0.01875 0.01953125
0 0.88984375 0.6734375 0.025 0.04140625
0 0.88203125 0.64609375 0.03984375 0.05859375
0 0.77109375 0.5875 0.05859375 0.0640625