0 0.071875 0.42109375 0.08515625 0.16953125
0 0.09296875 0.23359375 0.10625 0.15546875
0 0.07109375 0.146875 0.07890625 0.06640625
0 0.028125 0.153125 0.05625 0.08359375
0 0.059375 0.05546875 0.09765625 0.1109375
0 0.15546875 0.0609375 0.04375 0.071875
0 0.24765625 0.15546875 0.05859375 0.3109375
0 0.30546875 0.034375 0.05234375 0.046875
0 0.384375 0.05703125 0.06015625 0.1140625
0 0.28046875 0.2015625 0.07265625 0.16953125
0 0.440625 0.0984375 0.05234375 0.08046875
0 0.36171875 0.2015625 0.08984375 0.096875
0 0.46953125 0.16953125 0.10625 0.121875
0 0.48203125 0.3109375 0.07734375 0.1
0 0.42421875 0.49140625 0.12265625 0.09453125
0 0.68671875 0.31953125 0.23984375 0.33359375
0 0.94921875 0.1375 0.07265625 0.1359375
0 0.959375 0.28046875 0.07265625 0.171875
0 0.12578125 0.70390625 0.11484375 0.253125
0 0.04375 0.653125 0.0875 0.15
0 0.30078125 0.684375 0.12265625 0.196875
0 0.228125 0.5984375 0.11015625 0.0859375
0 0.33359375 0.559375 0.05859375 0.0640625
0 0.4125 0.625 0.06640625 0.071875
0 0.484375 0.70859375 0.07734375 0.09453125
0 0.3875 0.88984375 0.209375 0.2203125
0 0.60234375 0.8875 0.19609375 0.225
0 0.66484375 0.759375 0.125 0.203125
0 0.678125 0.615625 0.04375 0.153125
0 0.61171875 0.565625 0.06015625 0.0859375
0 0.8765625 0.88203125 0.246875 0.2359375
0 0.83203125 0.6640625 0.07265625 0.2609375
0 0.796875 0.63203125 0.06015625 0.13046875
0 0.76640625 0.55703125 0.025 0.0859375
0 0.80703125 0.553125 0.04765625 0.08359375
0 0.86875 0.659375 0.09609375 0.0859375