0 0.0703125 0.9375 0.0703125 0.115625
0 0.08046875 0.76953125 0.10078125 0.225
0 0.02890625 0.7015625 0.05703125 0.384375
0 0.15078125 0.69609375 0.10390625 0.3453125
0 0.26328125 0.6640625 0.13046875 0.3984375
0 0.13515625 0.521875 0.0859375 0.18359375
0 0.275 0.4390625 0.09375 0.31328125
0 0.22890625 0.36484375 0.071875 0.1734375
0 0.33515625 0.40859375 0.08984375 0.26640625
0 0.4484375 0.45703125 0.103125 0.696875
0 0.3859375 0.92421875 0.1390625 0.15078125
0 0.709375 0.92109375 0.1265625 0.15703125
0 0.65390625 0.8140625 0.08828125 0.371875
0 0.63046875 0.7140625 0.14609375 0.30859375
0 0.675 0.56484375 0.10234375 0.2453125
0 0.69375 0.50625 0.08515625 0.23828125
0 0.6734375 0.4015625 0.07265625 0.1234375
0 0.6234375 0.37734375 0.0625 0.16171875
0 0.62734375 0.28046875 0.0640625 0.1203125