0 0.43046875 0.346875 0.040625 0.125
0 0.34921875 0.340625 0.05703125 0.125
0 0.271875 0.425 0.08359375 0.14140625
0 0.134375 0.50390625 0.1171875 0.11875
0 0.25703125 0.5859375 0.0953125 0.2640625
0 0.178125 0.68984375 0.10546875 0.29140625
0 0.0484375 0.67109375 0.09609375 0.240625
0 0.1 0.76796875 0.09921875 0.2203125
0 0.08046875 0.9234375 0.13828125 0.153125
0 0.40859375 0.92890625 0.14296875 0.14140625
0 0.6796875 0.784375 0.14296875 0.3984375
0 0.62890625 0.65078125 0.07265625 0.23125
0 0.65859375 0.50703125 0.0625 0.19453125
0 0.68984375 0.48046875 0.07265625 0.17421875
0 0.6625 0.37890625 0.05859375 0.08046875
0 0.63984375 0.33359375 0.05078125 0.1296875
0 0.64609375 0.2609375 0.046875 0.0765625
0 0.475 0.4375 0.08203125 0.65703125