0 0.06328125 0.4453125 0.1265625 0.103125
0 0.42890625 0.4609375 0.1375 0.08359375
0 0.32109375 0.3125 0.1125 0.13046875
0 0.11796875 0.25390625 0.10625 0.153125
0 0.16015625 0.1484375 0.09140625 0.11953125
0 0.021875 0.15390625 0.04375 0.11953125
0 0.33515625 0.159375 0.07890625 0.096875
0 0.46953125 0.178125 0.06015625 0.08359375
0 0.26328125 0.15 0.04375 0.0890625
0 0.42109375 0.121875 0.04609375 0.071875
0 0.384375 0.06953125 0.03125 0.078125
0 0.28359375 0.059375 0.09140625 0.08046875
0 0.190625 0.06640625 0.07265625 0.071875
0 0.06875 0.071875 0.04609375 0.06640625
0 0.12734375 0.8109375 0.0625 0.228125
0 0.046875 0.775 0.08984375 0.171875
0 0.03828125 0.9140625 0.05625 0.171875
0 0.26328125 0.81953125 0.13515625 0.3609375
0 0.41171875 0.8453125 0.1703125 0.309375
0 0.465625 0.721875 0.06484375 0.0890625
0 0.35390625 0.6765625 0.03359375 0.06953125
0 0.24765625 0.60390625 0.0625 0.11953125
0 0.328125 0.625 0.03125 0.05
0 0.37578125 0.6109375 0.05234375 0.0609375
0 0.36171875 0.58046875 0.01875 0.0609375
0 0.596875 0.90390625 0.22734375 0.19140625
0 0.67109375 0.74296875 0.0875 0.15859375
0 0.69765625 0.6359375 0.075 0.10546875
0 0.6125 0.56796875 0.0375 0.053125
0 0.859375 0.921875 0.10234375 0.15546875
0 0.925 0.7609375 0.04140625 0.1
0 0.90859375 0.68046875 0.05 0.071875
0 0.76796875 0.64296875 0.05625 0.11953125
0 0.834375 0.58359375 0.03984375 0.078125
0 0.7625 0.5359375 0.0125 0.028125
0 0.73203125 0.559375 0.03515625 0.003125
0 0.69296875 0.309375 0.16484375 0.36953125
0 0.9859375 0.23359375 0.028125 0.0859375
0 0.9765625 0.153125 0.046875 0.1