0 0.11171875 0.940625 0.08828125 0.11875
0 0.1359375 0.8125 0.11640625 0.21796875
0 0.06015625 0.68984375 0.05703125 0.28671875
0 0.19375 0.6890625 0.10078125 0.31328125
0 0.29296875 0.659375 0.1015625 0.2734375
0 0.175 0.5046875 0.06171875 0.20859375
0 0.30703125 0.521875 0.0703125 0.17421875
0 0.2734375 0.40625 0.05234375 0.14140625
0 0.365625 0.41640625 0.11640625 0.2640625
0 0.465625 0.4375 0.11328125 0.6203125
0 0.40703125 0.9 0.1234375 0.2
0 0.68984375 0.8 0.12265625 0.253125
0 0.73125 0.9328125 0.15703125 0.134375
0 0.64140625 0.6359375 0.07890625 0.159375
0 0.71328125 0.57578125 0.0953125 0.20078125
0 0.696875 0.48515625 0.0859375 0.215625
0 0.6828125 0.40703125 0.04296875 0.09296875
0 0.640625 0.40546875 0.06796875 0.1484375
0 0.665625 0.2984375 0.02578125 0.07421875