0 0.10859375 0.7859375 0.15390625 0.25
0 0.15625 0.671875 0.05 0.06640625
0 0.18203125 0.728125 0.12265625 0.078125
0 0.39375 0.88359375 0.1375 0.2109375
0 0.45859375 0.7765625 0.0875 0.25859375
0 0.35546875 0.6765625 0.05625 0.09140625
0 0.415625 0.684375 0.03125 0.03046875
0 0.40625 0.63203125 0.02890625 0.0640625
0 0.22578125 0.625 0.10234375 0.13359375
0 0.27265625 0.5984375 0.04140625 0.075
0 0.32265625 0.615625 0.04609375 0.096875
0 0.3125 0.56953125 0.05 0.121875
0 0.44765625 0.621875 0.0375 0.078125
0 0.08125 0.4359375 0.10859375 0.15546875
0 0.1 0.23359375 0.07109375 0.171875
0 0.1625 0.16640625 0.08359375 0.1609375
0 0.00546875 0.153125 0.01015625 0.04453125
0 0.01953125 0.06796875 0.03515625 0.11953125
0 0.08671875 0.0515625 0.05625 0.103125
0 0.16796875 0.04296875 0.06875 0.0859375
0 0.259375 0.0859375 0.03515625 0.171875
0 0.31484375 0.0375 0.04609375 0.053125
0 0.39609375 0.04453125 0.05390625 0.03359375
0 0.39609375 0.0859375 0.04609375 0.05546875
0 0.41796875 0.14296875 0.09765625 0.0640625
0 0.259375 0.196875 0.06875 0.1390625
0 0.46875 0.196875 0.05859375 0.0609375
0 0.30703125 0.3765625 0.14375 0.23046875
0 0.40546875 0.4640625 0.14375 0.1
0 0.68046875 0.290625 0.28125 0.40859375
0 0.9671875 0.1375 0.065625 0.153125
0 0.559375 0.8984375 0.11484375 0.203125
0 0.67265625 0.7625 0.10390625 0.10859375
0 0.809375 0.89140625 0.16015625 0.21640625
0 0.92734375 0.75703125 0.075 0.16953125
0 0.64921875 0.62890625 0.04765625 0.096875
0 0.79140625 0.65859375 0.0625 0.0890625
0 0.878125 0.665625 0.03515625 0.046875
0 0.86796875 0.596875 0.07265625 0.11640625
0 0.63203125 0.5875 0.06875 0.09140625
0 0.675 0.5484375 0.075 0.04140625
0 0.771875 0.53359375 0.01875 0.05