0 0.078125 0.790625 0.13984375 0.24140625
0 0.040625 0.740625 0.06484375 0.246875
0 0.23984375 0.6640625 0.14609375 0.2
0 0.1625 0.659375 0.06640625 0.06953125
0 0.290625 0.58203125 0.06875 0.10859375
0 0.253125 0.571875 0.08515625 0.121875
0 0.3375 0.58203125 0.05 0.153125
0 0.43046875 0.90703125 0.13515625 0.16953125
0 0.46171875 0.7375 0.06015625 0.096875
0 0.378125 0.58203125 0.05625 0.13046875
0 0.41328125 0.578125 0.03125 0.078125
0 0.43046875 0.5765625 0.05234375 0.0859375
0 0.09140625 0.39296875 0.13359375 0.1859375
0 0.19375 0.203125 0.07109375 0.221875
0 0.290625 0.3390625 0.09765625 0.11640625
0 0.29765625 0.1375 0.10390625 0.153125
0 0.434375 0.16796875 0.10234375 0.14140625
0 0.38828125 0.1125 0.08125 0.05859375
0 0.090625 0.14609375 0.08984375 0.096875
0 0.09609375 0.0515625 0.14140625 0.103125
0 0.253125 0.0515625 0.08125 0.103125
0 0.37890625 0.04453125 0.07890625 0.0890625
0 0.671875 0.27890625 0.26015625 0.33046875
0 0.91796875 0.08359375 0.09765625 0.09453125
0 0.934375 0.39140625 0.13125 0.228125
0 0.78125 0.85546875 0.17890625 0.221875
0 0.67265625 0.7609375 0.12890625 0.14453125
0 0.67578125 0.62109375 0.09375 0.10859375
0 0.625 0.596875 0.08359375 0.0609375
0 0.77734375 0.64140625 0.06640625 0.1609375
0 0.82734375 0.675 0.07890625 0.178125
0 0.80859375 0.52890625 0.04609375 0.046875