0 0.0671875 0.865625 0.134375 0.26875
0 0.10546875 0.75703125 0.17734375 0.48125
0 0.0203125 0.5671875 0.03828125 0.365625
0 0.1703125 0.56640625 0.10234375 0.41484375
0 0.275 0.40859375 0.08359375 0.30390625
0 0.16015625 0.36328125 0.12265625 0.32890625
0 0.36328125 0.29140625 0.14609375 0.3890625
0 0.2671875 0.18671875 0.0859375 0.27578125
0 0.36875 0.115625 0.08828125 0.23125
0 0.521875 0.20625 0.09375 0.278125
0 0.5671875 0.0890625 0.08984375 0.178125
0 0.38203125 0.5796875 0.1578125 0.840625
0 0.4546875 0.85546875 0.175 0.2890625
0 0.83828125 0.7890625 0.26484375 0.421875
0 0.675 0.496875 0.15078125 0.34140625
0 0.8171875 0.6078125 0.15625 0.39296875
0 0.7875 0.36640625 0.1140625 0.2140625
0 0.73828125 0.1765625 0.09140625 0.28359375
0 0.81875 0.090625 0.06328125 0.165625
0 0.78125 0.04921875 0.034375 0.0984375