0 0.128125 0.74609375 0.18515625 0.26953125
0 0.02890625 0.7296875 0.0578125 0.24375
0 0.16796875 0.5859375 0.09765625 0.10546875
0 0.21640625 0.684375 0.08359375 0.16953125
0 0.33671875 0.8234375 0.15625 0.275
0 0.278125 0.6390625 0.07734375 0.178125
0 0.28046875 0.5359375 0.07265625 0.0890625
0 0.34453125 0.60546875 0.07265625 0.09453125
0 0.33671875 0.5390625 0.06484375 0.071875
0 0.36328125 0.575 0.03515625 0.08359375
0 0.43046875 0.6640625 0.06015625 0.1609375
0 0.40703125 0.53046875 0.04375 0.0390625
0 0.28671875 0.3 0.14765625 0.45546875
0 0.07421875 0.20390625 0.12734375 0.325
0 0.23984375 0.090625 0.03359375 0.14140625
0 0.16015625 0.10390625 0.0875 0.19140625
0 0.39140625 0.12890625 0.10859375 0.19140625
0 0.63671875 0.3125 0.17734375 0.2859375
0 0.81796875 0.196875 0.04765625 0.18359375
0 0.81953125 0.0890625 0.03984375 0.06640625
0 0.865625 0.0890625 0.03125 0.1109375
0 0.76171875 0.784375 0.32734375 0.43046875
0 0.77421875 0.55546875 0.05234375 0.078125
0 0.82734375 0.5609375 0.04140625 0.05