0 0.26015625 0.540625 0.1390625 0.12734375
0 0.34609375 0.50859375 0.0859375 0.11484375
0 0.58515625 0.45625 0.0828125 0.20859375
0 0.6984375 0.45234375 0.08125 0.14765625
0 0.56953125 0.315625 0.0484375 0.10390625
0 0.5125 0.353125 0.06640625 0.10234375
0 0.303125 0.41171875 0.07890625 0.17734375
0 0.18828125 0.34140625 0.0765625 0.15625
0 0.22578125 0.24453125 0.0328125 0.08359375
0 0.28359375 0.30625 0.0484375 0.08515625
0 0.40390625 0.29296875 0.0484375 0.09140625
0 0.4921875 0.29140625 0.03125 0.04140625
0 0.4078125 0.22890625 0.025 0.02109375
0 0.4390625 0.190625 0.02265625 0.04140625
0 0.39140625 0.15546875 0.0421875 0.06484375
0 0.28984375 0.15703125 0.0609375 0.06484375