0 0.61328125 0.040625 0.04453125 0.08125
0 0.60078125 0.1484375 0.09453125 0.19453125
0 0.640625 0.321875 0.09375 0.18046875
0 0.4671875 0.35390625 0.11953125 0.28671875
0 0.43359375 0.58359375 0.12734375 0.29140625
0 0.64375 0.70078125 0.13359375 0.321875
0 0.09921875 0.50703125 0.08359375 0.2546875
0 0.06953125 0.26171875 0.0875 0.19921875
0 0.13515625 0.165625 0.08515625 0.15546875
0 0.24453125 0.496875 0.17578125 0.65546875
0 0.2484375 0.128125 0.0796875 0.1734375
0 0.2546875 0.240625 0.05390625 0.1109375
0 0.196875 0.06015625 0.06796875 0.1203125
0 0.28359375 0.1265625 0.0609375 0.14609375
0 0.23515625 0.015625 0.02265625 0.03046875
0 0.29140625 0.04375 0.06875 0.06953125
0 0.425 0.03828125 0.06875 0.05859375