0 0.71796875 0.325 0.15234375 0.30546875
0 0.9703125 0.2703125 0.059375 0.31875
0 0.76015625 0.8984375 0.125 0.1640625
0 0.590625 0.9125 0.17265625 0.175
0 0.6375 0.7390625 0.075 0.1
0 0.92578125 0.790625 0.06015625 0.075
0 0.88203125 0.671875 0.02734375 0.0609375
0 0.82421875 0.67109375 0.03125 0.0359375
0 0.64453125 0.6390625 0.10625 0.08359375
0 0.77109375 0.584375 0.025 0.05859375
0 0.73828125 0.57109375 0.01484375 0.01953125
0 0.828125 0.56953125 0.03515625 0.03359375
0 0.2625 0.9234375 0.12890625 0.125
0 0.13984375 0.778125 0.0625 0.078125
0 0.07578125 0.746875 0.08984375 0.08359375
0 0.16875 0.6875 0.06640625 0.08046875
0 0.22578125 0.64296875 0.04765625 0.05859375
0 0.43828125 0.84296875 0.07265625 0.096875
0 0.46875 0.70703125 0.0625 0.053125
0 0.36796875 0.69453125 0.03984375 0.04453125
0 0.30625 0.6109375 0.04609375 0.05
0 0.42734375 0.659375 0.02890625 0.09140625
0 0.36796875 0.590625 0.03984375 0.05859375
0 0.13125 0.28046875 0.11640625 0.121875
0 0.06328125 0.44453125 0.1265625 0.0890625
0 0.47734375 0.45703125 0.0625 0.096875
0 0.44453125 0.31640625 0.08984375 0.15
0 0.36953125 0.2109375 0.11484375 0.1109375
0 0.49296875 0.1859375 0.07265625 0.09453125
0 0.4125 0.06796875 0.03359375 0.03046875
0 0.29453125 0.0765625 0.04765625 0.0640625
0 0.103125 0.15 0.09375 0.1
0 0.0125 0.1375 0.025 0.05859375
0 0.25390625 0.2234375 0.0625 0.103125
0 0.18359375 0.090625 0.07890625 0.146875
0 0.040625 0.0890625 0.08125 0.071875