0 0.18671875 0.359375 0.0765625 0.13515625
0 0.27421875 0.34765625 0.0515625 0.09140625
0 0.55703125 0.55078125 0.1359375 0.21640625
0 0.7515625 0.58359375 0.11640625 0.20859375
0 0.55859375 0.35 0.0609375 0.10234375
0 0.415625 0.28203125 0.04765625 0.07109375
0 0.49453125 0.29765625 0.0421875 0.06015625
0 0.275 0.29296875 0.07265625 0.10234375
0 0.2078125 0.27578125 0.07890625 0.13125
0 0.4515625 0.21328125 0.05 0.04765625
0 0.38203125 0.190625 0.0484375 0.05234375
0 0.29765625 0.171875 0.0515625 0.05234375