0 0.0625 0.75546875 0.0875 0.13359375
0 0.14609375 0.81953125 0.0875 0.1609375
0 0.06484375 0.940625 0.09609375 0.1140625
0 0.259375 0.90546875 0.08515625 0.15
0 0.425 0.9765625 0.10859375 0.046875
0 0.45 0.8140625 0.09140625 0.13359375
0 0.20234375 0.7015625 0.0875 0.16953125
0 0.22265625 0.62109375 0.0625 0.11953125
0 0.29921875 0.615625 0.04375 0.0640625
0 0.36953125 0.60390625 0.03515625 0.05859375
0 0.365625 0.675 0.06015625 0.0890625
0 0.46875 0.7265625 0.04140625 0.075
0 0.42421875 0.653125 0.03515625 0.05546875
0 0.40390625 0.603125 0.04609375 0.06640625
0 0.453125 0.621875 0.05625 0.05546875
0 0.05546875 0.44296875 0.11015625 0.13046875
0 0.11015625 0.2765625 0.11640625 0.16953125
0 0.43203125 0.45546875 0.10234375 0.11640625
0 0.453125 0.3265625 0.07734375 0.096875
0 0.36640625 0.196875 0.07890625 0.08359375
0 0.4625 0.1859375 0.05390625 0.078125
0 0.27421875 0.24609375 0.05625 0.11953125
0 0.11484375 0.1734375 0.0875 0.09140625
0 0.02578125 0.16171875 0.0515625 0.0640625
0 0.03203125 0.096875 0.05625 0.078125
0 0.290625 0.07109375 0.05234375 0.0859375
0 0.4125 0.084375 0.0875 0.08046875
0 0.15546875 0.06640625 0.07265625 0.0609375
0 0.06953125 0.05546875 0.03125 0.05
0 0.22578125 0.1015625 0.04765625 0.19140625
0 0.265625 0.0375 0.03125 0.075
0 0.69453125 0.290625 0.16015625 0.246875
0 0.978125 0.2484375 0.04375 0.26953125
0 0.76953125 0.8734375 0.06875 0.1640625
0 0.57734375 0.9 0.2 0.178125
0 0.64375 0.75546875 0.08359375 0.121875
0 0.65546875 0.64140625 0.06015625 0.09453125
0 0.87421875 0.7890625 0.07734375 0.09453125
0 0.83046875 0.68046875 0.05234375 0.0609375
0 0.88046875 0.678125 0.04375 0.071875
0 0.77421875 0.571875 0.03984375 0.078125
0 0.84375 0.56796875 0.03359375 0.0640625
0 0.85703125 0.6140625 0.02734375 0.021875