0 0.215625 0.771875 0.15625 0.20546875
0 0.06640625 0.746875 0.05390625 0.15
0 0.14375 0.7765625 0.05859375 0.10859375
0 0.05 0.94140625 0.1 0.11640625
0 0.32578125 0.7515625 0.10625 0.125
0 0.171875 0.66953125 0.05625 0.0890625
0 0.46171875 0.915625 0.06015625 0.13046875
0 0.478125 0.69609375 0.04375 0.11953125
0 0.378125 0.69140625 0.04765625 0.0390625
0 0.22265625 0.5859375 0.0375 0.06640625
0 0.27265625 0.59609375 0.01640625 0.0640625
0 0.32734375 0.61796875 0.025 0.096875
0 0.39609375 0.64609375 0.05 0.04140625
0 0.390625 0.596875 0.03125 0.06640625
0 0.36640625 0.6015625 0.05390625 0.0359375
0 0.465625 0.6234375 0.03984375 0.046875
0 0.13359375 0.43359375 0.18359375 0.1109375
0 0.12890625 0.28203125 0.10390625 0.19140625
0 0.18203125 0.159375 0.10234375 0.16953125
0 0.34140625 0.25859375 0.11640625 0.221875
0 0.32109375 0.16640625 0.07890625 0.08359375
0 0.47421875 0.18046875 0.07265625 0.10546875
0 0.434375 0.0984375 0.05625 0.08046875
0 0.31484375 0.14140625 0.07890625 0.078125
0 0.1875 0.0609375 0.04140625 0.0890625
0 0.28125 0.0734375 0.06640625 0.05859375
0 0.40078125 0.0640625 0.05234375 0.078125
0 0.278125 0.028125 0.03125 0.05546875
0 0.03359375 0.06796875 0.06640625 0.10859375
0 0.675 0.2859375 0.20859375 0.26640625
0 0.95703125 0.128125 0.06015625 0.10546875
0 0.56171875 0.878125 0.16484375 0.1890625
0 0.67734375 0.734375 0.075 0.125
0 0.81328125 0.9265625 0.18125 0.146875
0 0.91953125 0.76640625 0.08515625 0.11640625
0 0.78203125 0.6484375 0.05625 0.08046875
0 0.69140625 0.628125 0.0375 0.05546875
0 0.60390625 0.58046875 0.05390625 0.078125
0 0.70234375 0.6609375 0.0625 0.128125
0 0.84375 0.59140625 0.05859375 0.10546875
0 0.88828125 0.68046875 0.04375 0.06640625
0 0.76171875 0.5515625 0.03984375 0.075
0 0.71328125 0.575 0.03125 0.06640625
0 0.66328125 0.54609375 0.03125 0.046875