0 0.28203125 0.56875 0.1109375 0.24140625
0 0.18984375 0.49453125 0.0828125 0.17734375
0 0.18671875 0.36953125 0.0921875 0.16640625
0 0.30859375 0.37578125 0.0609375 0.10234375
0 0.28828125 0.29609375 0.0359375 0.075
0 0.19921875 0.26015625 0.0515625 0.07734375
0 0.56328125 0.478125 0.1203125 0.20625
0 0.69296875 0.47890625 0.0859375 0.1625
0 0.56875 0.334375 0.03984375 0.08125
0 0.478125 0.37109375 0.06875 0.1125
0 0.3953125 0.290625 0.09765625 0.12734375
0 0.50625 0.30234375 0.0625 0.0625
0 0.44921875 0.21328125 0.0296875 0.04765625
0 0.39296875 0.1625 0.0609375 0.06015625
0 0.2765625 0.19609375 0.075 0.0625