0 0.39296875 0.0484375 0.06015625 0.096875
0 0.31484375 0.05546875 0.040625 0.07421875
0 0.253125 0.15546875 0.08203125 0.1203125
0 0.31796875 0.1890625 0.06484375 0.128125
0 0.27578125 0.21875 0.05078125 0.109375
0 0.18984375 0.240625 0.07265625 0.1484375
0 0.26015625 0.34921875 0.08984375 0.18984375
0 0.18984375 0.51796875 0.078125 0.21015625
0 0.1515625 0.36484375 0.06953125 0.1546875
0 0.3890625 0.59453125 0.09921875 0.26875
0 0.4734375 0.35390625 0.0765625 0.29609375
0 0.61484375 0.3625 0.0703125 0.18828125
0 0.56953125 0.15390625 0.08671875 0.2203125
0 0.6234375 0.11796875 0.05859375 0.1390625
0 0.57265625 0.04921875 0.04453125 0.07109375
0 0.6234375 0.04609375 0.03046875 0.08828125
0 0.61171875 0.028125 0.0390625 0.05546875