0 0.29765625 0.32890625 0.1375 0.1359375
0 0.13203125 0.4265625 0.13515625 0.146875
0 0.40625 0.46953125 0.12890625 0.1
0 0.05546875 0.14296875 0.06875 0.13046875
0 0.33203125 0.178125 0.10234375 0.0609375
0 0.47578125 0.16640625 0.04765625 0.10546875
0 0.25078125 0.1609375 0.06015625 0.15546875
0 0.40859375 0.10703125 0.05859375 0.0859375
0 0.396875 0.05 0.03984375 0.05546875
0 0.32890625 0.0390625 0.03359375 0.05
0 0.171875 0.053125 0.05234375 0.08359375
0 0.025 0.08359375 0.05 0.05546875
0 0.05859375 0.071875 0.0625 0.1
0 0.03515625 0.9359375 0.0703125 0.128125
0 0.03828125 0.75 0.07265625 0.121875
0 0.15078125 0.809375 0.07734375 0.225
0 0.15234375 0.66796875 0.05390625 0.06953125
0 0.2875 0.8375 0.13359375 0.325
0 0.384375 0.94296875 0.10234375 0.1140625
0 0.378125 0.653125 0.03984375 0.11640625
0 0.46171875 0.72109375 0.04765625 0.06953125
0 0.225 0.6015625 0.0625 0.1140625
0 0.265625 0.6 0.03125 0.06640625
0 0.32265625 0.6125 0.04140625 0.04140625
0 0.40625 0.6125 0.01640625 0.046875
0 0.353125 0.584375 0.03515625 0.025
0 0.815625 0.9328125 0.190625 0.134375
0 0.58671875 0.90546875 0.18125 0.1890625
0 0.67109375 0.740625 0.0875 0.153125
0 0.67421875 0.63203125 0.03515625 0.053125
0 0.79296875 0.63359375 0.04375 0.0890625
0 0.88046875 0.671875 0.04375 0.0609375
0 0.91015625 0.7390625 0.10390625 0.14453125
0 0.86328125 0.6109375 0.05234375 0.10546875
0 0.61875 0.58046875 0.03359375 0.05546875
0 0.72578125 0.58203125 0.02265625 0.04140625
0 0.76796875 0.546875 0.01875 0.03359375
0 0.83203125 0.55 0.01484375 0.0390625
0 0.66953125 0.54140625 0.01875 0.06640625