0 0.50390625 0.04375 0.0640625 0.0875
0 0.45859375 0.13125 0.06015625 0.2296875
0 0.36171875 0.146875 0.07265625 0.19140625
0 0.3828125 0.2140625 0.0546875 0.196875
0 0.28203125 0.2265625 0.08984375 0.17578125
0 0.32890625 0.46171875 0.15234375 0.253125
0 0.26796875 0.6109375 0.13671875 0.35625
0 0.925 0.06875 0.08515625 0.13671875
0 0.878125 0.17265625 0.12421875 0.2296875
0 0.6453125 0.44140625 0.13203125 0.35
0 0.9015625 0.4515625 0.14921875 0.23125
0 0.703125 0.71171875 0.15390625 0.31796875
0 0.9078125 0.7328125 0.15625 0.41875