0 0.5265625 0.059375 0.05078125 0.0953125
0 0.440625 0.1125 0.05625 0.0953125
0 0.53125 0.12265625 0.0546875 0.07421875
0 0.6984375 0.08671875 0.04609375 0.0859375
0 0.71640625 0.240625 0.08046875 0.15703125
0 0.6484375 0.346875 0.08046875 0.17109375
0 0.7140625 0.415625 0.07890625 0.18359375
0 0.3671875 0.10625 0.05703125 0.115625
0 0.4046875 0.175 0.06953125 0.109375
0 0.2890625 0.21640625 0.05703125 0.1546875
0 0.3828125 0.53203125 0.15078125 0.740625
0 0.30546875 0.4015625 0.053125 0.10859375
0 0.1953125 0.3359375 0.07265625 0.10625
0 0.1046875 0.45703125 0.10078125 0.22421875
0 0.2015625 0.46328125 0.07578125 0.15703125
0 0.2078125 0.64375 0.1265625 0.21796875
0 0.10546875 0.8421875 0.1640625 0.315625
0 0.721875 0.63359375 0.12578125 0.2609375
0 0.496875 0.6515625 0.17578125 0.23828125
0 0.496875 0.88046875 0.18125 0.2390625